time	clients	active	ids	slots
1000	101	101	1073	0.054
2000	201	201	1173	0.113
3000	300	300	1271	0.146
4000	400	400	1373	0.189
5000	500	500	1472	0.26
6000	600	600	1572	0.28
7000	701	700	1673	0.358
8000	801	801	1772	0.401
9000	901	901	1874	0.462
10000	1000	1000	1973	0.525
11000	1100	1100	2073	0.528
12000	1200	1200	2171	0.623
13000	1300	1300	2274	0.641
14000	1400	1400	2372	0.691
15000	1500	1500	2473	0.726
16000	1601	1601	2572	0.81
17000	1701	1701	2674	0.836
18000	1801	1801	2772	0.865
19000	1901	1901	2873	0.932
20000	2001	2001	2972	0.969
21000	2101	2101	3072	1.063
22000	2201	2201	3172	1.126
23000	2301	2301	3274	1.156
24000	2401	2401	3374	1.268
25000	2500	2500	3473	1.225
26000	2600	2600	3573	1.268
27000	2701	2701	3673	1.349
28000	2801	2801	3773	1.385
29000	2901	2901	3874	1.426
30000	3001	3001	3973	1.516
31000	3100	3100	4074	1.576
32000	3200	3200	4173	1.604
33000	3300	3300	4272	1.634
34000	3400	3400	4373	1.669
35000	3500	3500	4472	1.767
36000	3600	3600	4572	1.833
37000	3700	3700	4674	1.815
38000	3800	3800	4774	1.9
39000	3901	3901	4873	1.953
40000	4001	4001	4973	2.036
41000	4101	4101	5074	1.971
42000	4201	4201	5173	2.064
43000	4301	4301	5273	2.157
44000	4400	4400	5373	2.219
45000	4500	4500	5474	2.228
46000	4600	4600	5573	2.292
47000	4700	4700	5673	2.338
48000	4800	4800	5772	2.426
49000	4900	4900	5872	2.44
50000	5000	5000	5974	2.508
51000	5100	5100	6072	2.552
52000	5200	5200	6173	2.622
53000	5300	5300	6273	2.707
54000	5400	5400	6373	2.731
55000	5501	5501	6474	2.79
56000	5601	5601	6573	2.79
57000	5701	5701	6672	2.827
58000	5801	5801	6773	2.875
59000	5901	5901	6873	2.967
60000	6001	6001	6973	2.928
61000	6101	6101	7071	3.025
62000	6201	6201	7174	3.063
63000	6301	6301	7273	3.086
64000	6401	6401	7374	3.244
65000	6501	6501	7473	3.312
66000	6601	6601	7573	3.278
67000	6701	6701	7673	3.341
68000	6801	6801	7772	3.438
69000	6901	6901	7873	3.417
70000	7001	7001	7971	3.484
71000	7100	7100	8074	3.599
72000	7200	7200	8173	3.652
73000	7300	7300	8272	3.637
74000	7400	7400	8374	3.756
75000	7500	7500	8474	3.755
76000	7600	7600	8574	3.735
77000	7700	7700	8672	3.913
78000	7801	7801	8773	3.929
79000	7901	7901	8874	3.881
80000	8001	8001	8973	3.987
81000	8101	8101	9073	4.151
82000	8201	8201	9174	4.216
83000	8301	8301	9273	4.135
84000	8401	8401	9372	4.187
85000	8501	8501	9472	4.237
86000	8600	8600	9572	4.252
87000	8700	8700	9673	4.372
88000	8800	8800	9773	4.402
89000	8900	8900	9873	4.436
90000	9000	9000	9973	4.521
91000	9100	9100	10073	4.624
92000	9200	9200	10172	4.618
93000	9300	9300	10272	4.625
94000	9401	9400	10373	4.705
95000	9500	9500	10473	4.72
96000	9600	9600	10574	4.871
97000	9701	9701	10673	4.96
98000	9801	9801	10772	4.842
99000	9901	9901	10872	5.061
100000	10001	10001	10972	5.005
101000	10101	10101	11072	5.007
102000	10201	10201	11173	5.086
103000	10301	10301	11271	5.083
104000	10401	10401	11373	5.229
105000	10501	10501	11472	5.356
106000	10601	10601	11573	5.33
107000	10701	10701	11674	5.305
108000	10801	10801	11774	5.428
109000	10901	10901	11872	5.539
110000	11001	11001	11972	5.465
111000	11101	11101	12072	5.468
112000	11201	11201	12172	5.665
113000	11301	11301	12273	5.676
114000	11401	11401	12372	5.653
115000	11501	11501	12474	5.86
116000	11601	11601	12571	5.708
117000	11701	11701	12673	5.838
118000	11801	11801	12772	5.947
119000	11901	11901	12873	5.978
120000	12001	12001	12972	6.166
121000	12101	12101	13072	6.056
122000	12201	12201	13174	6.052
123000	12301	12301	13272	6.223
124000	12401	12401	13372	6.195
125000	12501	12501	13472	6.255
126000	12601	12601	13572	6.31
127000	12701	12701	13673	6.39
128000	12800	12800	13772	6.348
129000	12900	12900	13874	6.526
130000	13000	13000	13973	6.425
131000	13100	13100	14072	6.538
132000	13200	13200	14174	6.495
133000	13300	13300	14271	6.597
134000	13400	13400	14373	6.769
135000	13500	13500	14473	6.762
136000	13600	13600	14574	6.91
137000	13700	13700	14673	6.873
138000	13801	13800	14775	7.035
139000	13901	13901	14872	6.994
140000	14001	14001	14972	7.018
141000	14101	14101	15073	6.95
142000	14201	14201	15172	7.083
143000	14301	14301	15275	7.253
144000	14401	14401	15372	7.254
145000	14501	14501	15472	7.347
146000	14601	14601	15572	7.31
147000	14701	14701	15673	7.382
148000	14801	14801	15773	7.461
149000	14901	14901	15874	7.457
150000	15001	15001	15974	7.494
151000	15101	15101	16074	7.522
152000	15201	15201	16173	7.554
153000	15300	15300	16273	7.632
154000	15400	15400	16371	7.7
155000	15500	15500	16473	7.824
156000	15600	15600	16573	7.824
157000	15700	15700	16673	7.85
158000	15800	15800	16772	7.997
159000	15900	15900	16873	7.89
160000	16000	16000	16973	7.976
161000	16100	16100	17072	8.067
162000	16200	16200	17174	8.185
163000	16300	16300	17273	8.155
164000	16400	16400	17373	8.157
165000	16500	16500	17472	8.302
166000	16600	16600	17574	8.311
167000	16700	16700	17674	8.319
168000	16800	16800	17773	8.397
169000	16900	16900	17873	8.477
170000	17000	17000	17973	8.439
171000	17100	17100	18073	8.622
172000	17200	17200	18174	8.564
173000	17300	17300	18273	8.58
174000	17400	17400	18372	8.845
175000	17500	17500	18474	8.648
176000	17600	17600	18572	8.874
177000	17700	17700	18672	9.037
178000	17800	17800	18773	8.908
179000	17900	17900	18871	8.931
180000	18000	18000	18972	8.968
181000	18100	18100	19074	9.074
182000	18200	18200	19174	9.083
183000	18300	18300	19273	9.182
184000	18400	18400	19374	9.161
185000	18500	18500	19472	9.243
186000	18600	18600	19573	9.337
187000	18700	18700	19673	9.393
188000	18800	18800	19773	9.38
189000	18900	18900	19873	9.525
190000	19000	19000	19973	9.318
191000	19100	19100	20073	9.61
192000	19200	19200	20173	9.632
193000	19300	19300	20273	9.643
194000	19400	19400	20372	9.789
195000	19500	19500	20474	9.747
196000	19600	19600	20575	9.776
197000	19700	19700	20673	9.818
198000	19800	19800	20772	9.937
199000	19900	19900	20873	9.867
200000	20000	20000	20972	10.073
201000	20100	20100	21072	10.098
202000	20200	20200	21173	10.164
203000	20300	20300	21274	10.181
204000	20400	20400	21374	10.174
205000	20500	20500	21471	10.317
206000	20600	20600	21571	10.247
207000	20700	20700	21672	10.302
208000	20800	20800	21773	10.486
209000	20900	20900	21872	10.424
210000	21000	21000	21972	10.504
211000	21100	21100	22073	10.557
212000	21200	21200	22173	10.602
213000	21300	21300	22274	10.529
214000	21400	21400	22373	10.841
215000	21500	21500	22472	10.711
216000	21600	21600	22572	10.727
217000	21700	21700	22672	10.813
218000	21800	21800	22773	10.909
219000	21900	21900	22873	10.803
220000	22000	22000	22973	11.051
221000	22100	22100	23073	11.032
222000	22200	22200	23174	11.132
223000	22300	22300	23273	11.135
224000	22400	22400	23372	11.184
225000	22500	22500	23473	11.34
226000	22600	22600	23573	11.311
227000	22700	22700	23674	11.396
228000	22800	22800	23774	11.432
229000	22900	22900	23874	11.406
230000	23000	23000	23973	11.376
231000	23100	23100	24072	11.562
232000	23200	23200	24174	11.578
233000	23300	23300	24275	11.716
234000	23400	23400	24372	11.704
235000	23500	23500	24472	11.787
236000	23600	23600	24575	11.875
237000	23700	23700	24673	11.841
238000	23800	23800	24773	11.886
239000	23900	23900	24872	11.994
240000	24000	24000	24975	11.949
241000	24100	24100	25074	12.152
242000	24200	24200	25173	12.108
243000	24300	24300	25273	12.081
244000	24401	24401	25374	12.315
245000	24501	24501	25472	12.331
246000	24601	24601	25573	12.349
247000	24701	24701	25672	12.306
248000	24801	24801	25772	12.461
249000	24901	24901	25873	12.366
250000	25001	25001	25973	12.579
251000	25101	25101	26072	12.654
252000	25200	25200	26172	12.423
253000	25301	25301	26274	12.794
254000	25401	25401	26373	12.717
255000	25501	25501	26473	12.758
256000	25601	25601	26572	12.897
257000	25701	25701	26672	12.9
258000	25801	25801	26774	12.857
259000	25901	25901	26873	13.021
260000	26001	26001	26972	13.037
261000	26101	26101	27073	13.058
262000	26201	26201	27172	13.057
263000	26301	26301	27273	13.071
264000	26401	26401	27373	13.216
265000	26501	26501	27474	13.169
266000	26601	26601	27573	13.232
267000	26701	26701	27674	13.409
268000	26801	26801	27774	13.281
269000	26901	26901	27873	13.457
270000	27001	27001	27974	13.494
271000	27101	27101	28072	13.393
272000	27201	27201	28173	13.468
273000	27301	27301	28274	13.625
274000	27401	27401	28374	13.728
275000	27501	27501	28473	13.76
276000	27601	27601	28572	13.575
277000	27701	27701	28674	13.778
278000	27801	27801	28774	13.771
279000	27901	27901	28873	14.09
280000	28001	28001	28973	13.942
281000	28101	28101	29072	14.011
282000	28201	28201	29173	14.207
283000	28301	28301	29272	14.069
284000	28401	28401	29373	14.156
285000	28501	28501	29473	14.144
286000	28601	28601	29573	14.158
287000	28701	28701	29673	14.325
288000	28801	28801	29773	14.431
289000	28901	28901	29873	14.485
290000	29001	29001	29973	14.663
291000	29101	29101	30072	14.491
292000	29201	29201	30173	14.521
293000	29301	29301	30273	14.786
294000	29401	29401	30372	14.681
295000	29501	29501	30473	14.724
296000	29601	29601	30574	14.794
297000	29701	29701	30673	14.847
298000	29801	29801	30772	14.854
299000	29901	29901	30872	14.912
300000	30001	30001	30974	15.14
301000	30101	30101	31072	15.039
302000	30201	30201	31173	14.982
303000	30301	30301	31273	15.093
304000	30401	30401	31374	15.131
305000	30501	30501	31474	15.341
306000	30601	30601	31574	15.314
307000	30701	30701	31673	15.31
308000	30801	30801	31774	15.449
309000	30901	30901	31872	15.327
310000	31001	31001	31972	15.473
311000	31101	31101	32073	15.488
312000	31201	31201	32174	15.655
313000	31301	31301	32273	15.491
314000	31401	31401	32373	15.871
315000	31501	31501	32474	15.846
316000	31601	31601	32572	15.971
317000	31700	31700	32674	15.912
318000	31800	31800	32772	16.047
319000	31900	31900	32873	15.92
320000	32000	32000	32974	15.883
321000	32100	32100	33073	16.051
322000	32200	32200	33171	16.105
323000	32300	32300	33273	16.158
324000	32400	32400	33374	16.26
325000	32500	32500	33473	16.302
326000	32600	32600	33574	16.136
327000	32700	32700	33673	16.228
328000	32800	32800	33774	16.184
329000	32901	32901	33872	16.545
330000	33001	33001	33973	16.356
331000	33101	33101	34073	16.54
332000	33201	33201	34175	16.653
333000	33301	33301	34274	16.692
334000	33401	33401	34374	16.752
335000	33501	33501	34473	16.765
336000	33601	33601	34574	16.853
337000	33701	33701	34672	16.935
338000	33801	33801	34774	16.929
339000	33901	33901	34872	17.068
340000	34001	34001	34973	17.045
341000	34101	34101	35074	17.152
342000	34201	34201	35175	17.236
343000	34301	34301	35272	17.094
344000	34401	34401	35374	17.251
345000	34501	34501	35474	17.247
346000	34601	34601	35574	17.43
347000	34701	34701	35673	17.355
348000	34801	34801	35773	17.424
349000	34901	34901	35872	17.723
350000	35001	35001	35973	17.496
351000	35100	35100	36074	17.499
352000	35200	35200	36174	17.397
353000	35300	35300	36273	17.671
354000	35400	35400	36371	17.759
355000	35500	35500	36473	17.695
356000	35600	35600	36572	17.781
357000	35700	35700	36673	18.007
358000	35800	35800	36775	17.899
359000	35900	35900	36872	17.975
360000	36000	36000	36972	17.952
361000	36100	36100	37072	18.165
362000	36200	36200	37173	18.215
363000	36300	36300	37273	18.246
364000	36401	36401	37373	18.312
365000	36501	36501	37473	18.239
366000	36601	36601	37573	18.335
367000	36701	36701	37673	18.124
368000	36801	36801	37773	18.422
369000	36901	36901	37872	18.337
370000	37001	37001	37973	18.516
371000	37101	37101	38073	18.657
372000	37201	37201	38174	18.513
373000	37301	37301	38273	18.546
374000	37401	37401	38373	18.69
375000	37501	37501	38475	18.681
376000	37601	37601	38572	18.916
377000	37701	37701	38672	18.842
378000	37801	37801	38772	18.968
379000	37901	37901	38874	19.013
380000	38001	38001	38974	19.015
381000	38101	38101	39073	19.141
382000	38201	38201	39173	19.124
383000	38301	38301	39274	19.247
384000	38401	38401	39374	19.107
385000	38501	38501	39472	19.185
386000	38601	38601	39573	19.181
387000	38700	38700	39672	19.272
388000	38800	38800	39774	19.229
389000	38900	38900	39873	19.468
390000	39000	39000	39972	19.401
391000	39100	39100	40072	19.668
392000	39200	39200	40172	19.787
393000	39300	39300	40272	19.556
394000	39400	39400	40373	19.46
395000	39500	39500	40473	19.682
396000	39600	39600	40574	19.576
397000	39700	39700	40674	19.859
398000	39800	39800	40773	19.879
399000	39900	39900	40872	19.937
400000	40000	40000	40973	20.037
401000	40100	40100	41073	20.101
402000	40200	40200	41175	19.985
403000	40300	40300	41272	20.242
404000	40400	40400	41373	20.38
405000	40500	40500	41472	20.376
406000	40600	40600	41573	20.247
407000	40700	40700	41674	20.322
408000	40800	40800	41772	20.418
409000	40900	40900	41873	20.313
410000	41000	41000	41974	20.438
411000	41100	41100	42073	20.42
412000	41200	41200	42173	20.484
413000	41300	41300	42273	20.65
414000	41400	41400	42373	20.735
415000	41500	41500	42472	20.595
416000	41600	41600	42574	20.871
417000	41700	41700	42673	20.961
418000	41800	41800	42773	20.888
419000	41900	41900	42873	20.924
420000	42000	42000	42971	20.888
421000	42100	42100	43074	21.031
422000	42200	42200	43173	21
423000	42300	42300	43273	21.166
424000	42400	42400	43374	21.104
425000	42500	42500	43473	21.314
426000	42600	42600	43573	21.442
427000	42700	42700	43673	21.132
428000	42800	42800	43773	21.399
429000	42900	42900	43872	21.5
430000	43000	43000	43973	21.494
431000	43100	43100	44072	21.502
432000	43200	43200	44172	21.585
433000	43300	43300	44272	21.52
434000	43400	43400	44372	21.649
435000	43500	43500	44474	21.711
436000	43600	43600	44573	21.925
437000	43700	43700	44671	21.661
438000	43800	43800	44772	21.926
439000	43900	43900	44874	21.825
440000	44000	44000	44971	21.887
441000	44100	44100	45073	22.01
442000	44200	44200	45173	22.157
443000	44300	44300	45272	22.051
444000	44400	44400	45373	22.15
445000	44500	44500	45474	22.384
446000	44600	44600	45574	22.311
447000	44700	44700	45674	22.364
448000	44800	44800	45774	22.451
449000	44900	44900	45873	22.55
450000	45000	45000	45973	22.447
451000	45100	45100	46073	22.415
452000	45200	45200	46172	22.413
453000	45300	45300	46272	22.703
454000	45400	45400	46373	22.87
455000	45500	45500	46473	22.695
456000	45600	45600	46573	22.799
457000	45700	45700	46674	22.824
458000	45800	45800	46774	22.986
459000	45900	45900	46872	22.644
460000	46000	46000	46973	22.759
461000	46100	46100	47074	23.187
462000	46200	46200	47172	23.027
463000	46300	46300	47273	23.096
464000	46400	46400	47373	23.214
465000	46500	46500	47472	23.278
466000	46600	46600	47573	23.473
467000	46700	46700	47671	23.121
468000	46800	46800	47772	23.628
469000	46900	46900	47873	23.553
470000	47000	47000	47974	23.471
471000	47100	47100	48073	23.546
472000	47200	47200	48171	23.668
473000	47300	47300	48272	23.685
474000	47400	47400	48373	23.65
475000	47500	47500	48471	23.729
476000	47600	47600	48573	23.732
477000	47700	47700	48673	23.586
478000	47800	47800	48774	23.904
479000	47900	47900	48874	23.827
480000	48000	48000	48973	24.057
481000	48100	48100	49073	24.203
482000	48200	48200	49173	24.165
483000	48300	48300	49273	24.114
484000	48400	48400	49373	24.013
485000	48500	48500	49473	24.376
486000	48600	48600	49572	24.156
487000	48700	48700	49673	24.416
488000	48800	48800	49773	24.57
489000	48900	48900	49873	24.513
490000	49000	49000	49972	24.418
491000	49100	49100	50072	24.435
492000	49200	49200	50173	24.815
493000	49300	49300	50273	24.507
494000	49400	49400	50373	24.657
495000	49500	49500	50474	24.821
496000	49600	49600	50573	25.025
497000	49700	49700	50672	24.688
498000	49800	49800	50773	24.914
499000	49900	49900	50874	24.976
500000	50000	50000	50972	24.998
501000	50100	50100	51074	25.272
502000	50200	50200	51172	24.92
503000	50300	50300	51272	25.256
504000	50400	50400	51374	25.16
505000	50500	50500	51473	25.226
506000	50600	50600	51572	25.419
507000	50700	50700	51672	25.48
508000	50800	50800	51772	25.141
509000	50900	50900	51872	25.462
510000	51000	51000	51973	25.601
511000	51101	51100	52073	25.419
512000	51201	51201	52174	25.609
513000	51301	51301	52273	25.837
514000	51401	51401	52373	25.637
515000	51501	51501	52473	25.83
516000	51601	51601	52573	25.867
517000	51701	51701	52673	25.864
518000	51801	51801	52773	25.852
519000	51901	51901	52874	25.85
520000	52001	52001	52973	26.021
521000	52101	52101	53073	26.072
522000	52201	52201	53173	26.212
523000	52301	52301	53274	26.16
524000	52401	52401	53374	26.168
525000	52501	52501	53474	26.249
526000	52601	52601	53571	26.194
527000	52701	52701	53673	26.506
528000	52801	52801	53774	26.312
529000	52901	52901	53872	26.492
530000	53001	53001	53972	26.442
531000	53101	53101	54074	26.695
532000	53201	53201	54172	26.654
533000	53301	53301	54274	26.622
534000	53401	53401	54372	26.604
535000	53501	53501	54474	26.772
536000	53601	53601	54571	26.615
537000	53701	53701	54675	26.735
538000	53801	53801	54773	26.908
539000	53901	53901	54874	27.047
540000	54001	54001	54972	26.859
541000	54101	54101	55074	27.252
542000	54201	54201	55173	27.018
543000	54301	54301	55274	27.156
544000	54401	54401	55373	27.09
545000	54501	54501	55472	27.002
546000	54601	54601	55573	27.328
547000	54701	54701	55674	27.383
548000	54801	54801	55773	27.214
549000	54901	54901	55874	27.714
550000	55001	55001	55972	27.402
551000	55101	55101	56073	27.65
552000	55201	55201	56172	27.43
553000	55301	55301	56273	27.555
554000	55401	55401	56373	27.734
555000	55501	55501	56473	27.846
556000	55601	55601	56573	27.77
557000	55701	55701	56672	27.768
558000	55801	55801	56772	28.059
559000	55901	55901	56872	28.179
560000	56001	56001	56972	27.993
561000	56101	56101	57074	28.23
562000	56201	56201	57174	28.086
563000	56301	56301	57273	28.099
564000	56401	56401	57374	28.276
565000	56501	56501	57472	28.467
566000	56601	56601	57574	28.283
567000	56701	56701	57674	28.13
568000	56801	56801	57772	28.414
569000	56901	56901	57873	28.539
570000	57001	57001	57973	28.528
571000	57101	57101	58072	28.766
572000	57201	57201	58174	28.744
573000	57301	57301	58273	28.602
574000	57401	57401	58373	28.722
575000	57501	57501	58473	28.909
576000	57601	57601	58573	28.934
577000	57701	57701	58674	28.978
578000	57801	57801	58775	28.915
579000	57901	57901	58873	28.953
580000	58001	58001	58972	28.896
581000	58101	58101	59073	28.984
582000	58201	58201	59173	29.22
583000	58301	58301	59272	29.132
584000	58401	58401	59372	29.234
585000	58501	58501	59474	29.05
586000	58601	58601	59572	29.067
587000	58701	58701	59673	29.303
588000	58801	58801	59774	29.304
589000	58901	58901	59873	29.555
590000	59001	59001	59974	29.482
591000	59101	59101	60074	29.396
592000	59201	59201	60173	29.673
593000	59301	59301	60272	29.609
594000	59401	59401	60373	29.732
595000	59501	59501	60472	29.606
596000	59601	59601	60573	29.738
597000	59701	59701	60672	29.922
598000	59801	59801	60772	29.966
599000	59901	59901	60873	30.092
600000	60001	60001	60973	30.001
601000	60101	60101	61072	30.062
602000	60201	60201	61174	30.132
603000	60301	60301	61275	30.268
604000	60401	60401	61373	30.273
605000	60501	60501	61473	30.16
606000	60601	60601	61574	30.216
607000	60701	60701	61672	30.226
608000	60801	60801	61774	30.375
609000	60901	60901	61875	30.391
610000	61001	61001	61971	30.704
611000	61101	61101	62073	30.547
612000	61201	61201	62174	30.531
613000	61301	61301	62274	30.782
614000	61401	61401	62372	31.005
615000	61501	61501	62473	30.737
616000	61601	61601	62574	30.693
617000	61701	61701	62673	30.829
618000	61801	61801	62773	30.834
619000	61901	61901	62871	30.84
620000	62001	62001	62973	30.968
621000	62101	62101	63072	30.897
622000	62201	62201	63174	30.868
623000	62301	62301	63274	31.074
624000	62401	62401	63373	31.264
625000	62501	62501	63473	31.408
626000	62601	62601	63574	31.498
627000	62701	62701	63672	31.288
628000	62801	62801	63772	31.508
629000	62901	62901	63874	31.456
630000	63001	63001	63974	31.532
631000	63101	63101	64074	31.535
632000	63201	63201	64173	31.495
633000	63301	63301	64274	31.757
634000	63401	63401	64372	31.784
635000	63501	63501	64472	31.955
636000	63601	63601	64574	31.75
637000	63701	63701	64674	31.733
638000	63801	63801	64772	31.955
639000	63901	63901	64872	32.01
640000	64001	64001	64971	31.807
641000	64101	64101	65073	32.112
642000	64201	64201	65173	32.122
643000	64301	64301	65275	32.05
644000	64401	64401	65373	32.182
645000	64500	64500	65472	32.343
646000	64600	64600	65573	32.09
647000	64700	64700	65672	32.57
648000	64800	64800	65773	32.393
649000	64900	64900	65872	32.533
650000	65000	65000	65973	32.296
651000	65100	65100	66072	32.545
652000	65200	65200	66172	32.723
653000	65300	65300	66274	32.947
654000	65400	65400	66373	32.688
655000	65500	65500	66473	33.132
656000	65600	65600	66572	32.667
657000	65700	65700	66672	33.054
658000	65800	65800	66773	32.76
659000	65900	65900	66874	32.934
660000	66000	66000	66973	33.215
661000	66100	66100	67072	32.818
662000	66200	66200	67174	33.122
663000	66300	66300	67273	32.948
664000	66400	66400	67372	32.953
665000	66500	66500	67473	33.336
666000	66600	66600	67573	33.47
667000	66700	66700	67673	33.297
668000	66800	66800	67774	33.2
669000	66900	66900	67873	33.401
670000	67000	67000	67973	33.389
671000	67100	67100	68073	33.625
672000	67200	67200	68172	33.708
673000	67300	67300	68273	33.809
674000	67400	67400	68373	33.696
675000	67500	67500	68473	33.896
676000	67600	67600	68573	33.736
677000	67700	67700	68673	33.752
678000	67800	67800	68773	33.972
679000	67901	67901	68872	34.237
680000	68000	68000	68973	33.82
681000	68101	68100	69073	34.054
682000	68201	68201	69173	34.091
683000	68301	68301	69273	34.082
684000	68401	68401	69374	34.091
685000	68501	68501	69474	34.229
686000	68601	68601	69575	34.433
687000	68701	68701	69673	34.488
688000	68801	68801	69774	34.155
689000	68901	68901	69873	34.708
690000	69001	69001	69973	34.435
691000	69101	69101	70073	34.559
692000	69201	69201	70172	34.73
693000	69301	69301	70273	34.521
694000	69401	69401	70374	34.731
695000	69501	69501	70473	34.679
696000	69601	69601	70574	34.896
697000	69701	69701	70672	34.843
698000	69801	69801	70773	35.275
699000	69901	69901	70872	35.035
700000	70001	70001	70974	34.849
701000	70101	70101	71073	34.92
702000	70201	70201	71172	35.449
703000	70301	70301	71273	35.134
704000	70401	70401	71372	35.081
705000	70501	70501	71474	35.424
706000	70601	70601	71574	35.202
707000	70701	70701	71673	35.385
708000	70801	70801	71773	35.671
709000	70901	70901	71874	35.392
710000	71001	71001	71973	35.422
711000	71101	71101	72073	35.538
712000	71201	71201	72172	35.622
713000	71301	71301	72273	35.79
714000	71401	71401	72373	35.675
715000	71500	71500	72474	35.653
716000	71600	71600	72572	35.643
717000	71700	71700	72673	35.721
718000	71800	71800	72772	35.976
719000	71900	71900	72874	35.881
720000	72000	72000	72973	36.093
721000	72100	72100	73073	36.048
722000	72200	72200	73174	35.981
723000	72300	72300	73274	36.275
724000	72400	72400	73373	36.276
725000	72500	72500	73473	36.24
726000	72600	72600	73572	36.333
727000	72700	72700	73673	36.592
728000	72800	72800	73773	36.751
729000	72900	72900	73872	36.54
730000	73000	73000	73974	36.229
731000	73100	73100	74074	36.664
732000	73200	73200	74174	36.685
733000	73300	73300	74274	36.776
734000	73400	73400	74372	36.721
735000	73500	73500	74473	36.731
736000	73600	73600	74573	36.69
737000	73700	73700	74672	36.78
738000	73800	73800	74771	37.009
739000	73900	73900	74872	36.942
740000	74000	74000	74974	37.172
741000	74100	74100	75074	37.158
742000	74200	74200	75174	37.029
743000	74300	74300	75273	37.05
744000	74400	74400	75372	37.324
745000	74500	74500	75473	37.258
746000	74600	74600	75574	37.343
747000	74700	74700	75675	37.195
748000	74800	74800	75773	37.216
749000	74900	74900	75872	37.16
750000	75000	75000	75974	37.769
751000	75100	75100	76072	37.282
752000	75200	75200	76172	37.466
753000	75300	75300	76275	37.703
754000	75400	75400	76373	37.702
755000	75500	75500	76474	37.626
756000	75600	75600	76573	37.763
757000	75700	75700	76672	38.005
758000	75800	75800	76773	37.902
759000	75900	75900	76873	37.897
760000	76000	76000	76974	38.166
761000	76100	76100	77075	38.085
762000	76200	76200	77173	38.241
763000	76300	76300	77273	38.108
764000	76400	76400	77373	38.035
765000	76500	76500	77474	38.397
766000	76600	76600	77572	38.422
767000	76700	76700	77673	38.416
768000	76800	76800	77773	38.569
769000	76900	76900	77873	38.471
770000	77000	77000	77972	38.547
771000	77100	77100	78073	38.378
772000	77200	77200	78172	38.595
773000	77300	77300	78272	38.655
774000	77400	77400	78373	38.649
775000	77500	77500	78474	38.675
776000	77600	77600	78571	39.049
777000	77700	77700	78672	38.666
778000	77800	77800	78773	39.099
779000	77900	77900	78873	38.77
780000	78000	78000	78972	39.174
781000	78100	78100	79075	38.94
782000	78200	78200	79173	39.125
783000	78300	78300	79273	39.136
784000	78400	78400	79373	39.21
785000	78500	78500	79472	39.344
786000	78600	78600	79573	39.076
787000	78700	78700	79674	39.435
788000	78800	78800	79774	39.428
789000	78900	78900	79874	39.513
790000	79000	79000	79973	39.492
791000	79100	79100	80073	39.711
792000	79200	79200	80172	39.699
793000	79300	79300	80273	39.412
794000	79400	79400	80373	39.949
795000	79500	79500	80472	39.564
796000	79600	79600	80571	39.725
797000	79700	79700	80673	39.834
798000	79800	79800	80773	39.788
799000	79900	79900	80874	40.051
800000	80000	80000	80973	40.022
801000	80100	80100	81073	40.031
802000	80200	80200	81172	40.462
803000	80300	80300	81273	40.224
804000	80400	80400	81372	40.121
805000	80500	80500	81473	40.365
806000	80600	80600	81573	40.296
807000	80700	80700	81673	40.557
808000	80800	80800	81774	40.117
809000	80900	80900	81873	40.617
810000	81000	81000	81972	40.338
811000	81100	81100	82073	40.422
812000	81200	81200	82174	40.784
813000	81300	81300	82273	40.654
814000	81400	81400	82372	40.633
815000	81500	81500	82472	41.015
816000	81600	81600	82573	40.852
817000	81700	81700	82673	40.876
818000	81800	81800	82773	40.687
819000	81900	81900	82873	41.081
820000	82000	82000	82971	41.027
821000	82100	82100	83071	41.334
822000	82200	82200	83173	40.842
823000	82300	82300	83274	41.248
824000	82400	82400	83373	41.223
825000	82500	82500	83471	41.123
826000	82600	82600	83571	41.421
827000	82700	82700	83672	41.165
828000	82800	82800	83773	41.342
829000	82900	82900	83873	41.433
830000	83000	83000	83973	41.371
831000	83100	83100	84074	41.385
832000	83200	83200	84172	41.637
833000	83300	83300	84275	41.676
834000	83400	83400	84372	41.505
835000	83500	83500	84473	41.604
836000	83600	83600	84572	42.012
837000	83700	83700	84673	41.85
838000	83800	83800	84771	42.121
839000	83900	83900	84874	41.921
840000	84000	84000	84973	41.898
841000	84100	84100	85073	42.024
842000	84200	84200	85173	42.338
843000	84300	84300	85274	42.189
844000	84400	84400	85372	41.985
845000	84500	84500	85472	42.181
846000	84600	84600	85573	42.183
847000	84700	84700	85674	42.009
848000	84800	84800	85772	42.752
849000	84900	84900	85872	42.379
850000	85000	85000	85973	42.42
851000	85100	85100	86073	42.662
852000	85200	85200	86174	42.439
853000	85300	85300	86272	42.46
854000	85400	85400	86373	42.593
855000	85500	85500	86472	43.007
856000	85600	85600	86572	42.626
857000	85700	85700	86674	42.874
858000	85800	85800	86774	42.741
859000	85900	85900	86873	42.733
860000	86000	86000	86973	42.909
861000	86100	86100	87073	42.881
862000	86200	86200	87174	43
863000	86300	86300	87274	42.99
864000	86400	86400	87372	43.38
865000	86500	86500	87472	43.317
866000	86600	86600	87573	43.528
867000	86700	86700	87673	43.041
868000	86800	86800	87773	43.389
869000	86900	86900	87874	43.5
870000	87000	87000	87974	43.528
871000	87100	87100	88074	43.531
872000	87200	87200	88173	43.753
873000	87300	87300	88272	43.364
874000	87400	87400	88373	43.727
875000	87500	87500	88473	43.843
876000	87600	87600	88572	43.557
877000	87700	87700	88673	43.494
878000	87800	87800	88773	43.961
879000	87900	87900	88873	43.835
880000	88000	88000	88974	44.148
881000	88100	88100	89074	43.864
882000	88200	88200	89172	44.073
883000	88300	88300	89272	43.938
884000	88400	88400	89373	43.925
885000	88500	88500	89473	44.369
886000	88600	88600	89573	44.326
887000	88700	88700	89672	44.333
888000	88800	88800	89773	44.376
889000	88900	88900	89873	44.726
890000	89000	89000	89974	44.363
891000	89100	89100	90074	44.639
892000	89200	89200	90172	44.748
893000	89300	89300	90273	44.721
894000	89400	89400	90373	44.949
895000	89500	89500	90472	44.732
896000	89600	89600	90573	44.901
897000	89700	89700	90673	44.808
898000	89800	89800	90773	44.997
899000	89900	89900	90873	44.929
900000	90000	90000	90973	45.128
901000	90100	90100	91073	44.933
902000	90200	90200	91173	45.096
903000	90300	90300	91273	45.03
904000	90400	90400	91372	45.317
905000	90500	90500	91472	45.248
906000	90600	90600	91573	45.425
907000	90700	90700	91674	45.342
908000	90800	90800	91773	45.201
909000	90900	90900	91873	45.708
910000	91000	91000	91973	45.309
911000	91100	91100	92074	45.384
912000	91200	91200	92173	45.535
913000	91300	91300	92274	45.448
914000	91400	91400	92373	45.491
915000	91500	91500	92473	45.887
916000	91600	91600	92573	45.684
917000	91700	91700	92672	45.838
918000	91800	91800	92772	45.807
919000	91900	91900	92874	46.082
920000	92000	92000	92972	46.019
921000	92100	92100	93073	46.111
922000	92200	92200	93174	45.934
923000	92300	92300	93273	46.11
924000	92400	92400	93374	46.214
925000	92500	92500	93472	46.341
926000	92600	92600	93573	46.388
927000	92700	92700	93673	46.626
928000	92800	92800	93772	46.426
929000	92900	92900	93874	46.339
930000	93000	93000	93975	46.396
931000	93100	93100	94072	46.701
932000	93200	93200	94174	46.617
933000	93300	93300	94272	46.537
934000	93400	93400	94372	46.805
935000	93500	93500	94473	46.904
936000	93600	93600	94572	46.773
937000	93700	93700	94674	46.75
938000	93800	93800	94773	46.99
939000	93900	93900	94872	46.876
940000	94000	94000	94974	46.917
941000	94100	94100	95073	47.115
942000	94200	94200	95172	47.018
943000	94300	94300	95272	47.222
944000	94400	94400	95373	47.296
945000	94500	94500	95474	47.266
946000	94600	94600	95572	47.346
947000	94700	94700	95672	47.368
948000	94800	94800	95772	47.441
949000	94900	94900	95873	47.37
950000	95000	95000	95974	47.538
951000	95100	95100	96072	47.91
952000	95200	95200	96173	47.551
953000	95300	95300	96274	47.654
954000	95400	95400	96373	47.901
955000	95500	95500	96473	47.635
956000	95600	95600	96572	47.87
957000	95700	95700	96671	47.723
958000	95800	95800	96772	47.651
959000	95900	95900	96872	47.923
960000	96000	96000	96972	47.9
961000	96100	96100	97072	48.054
962000	96200	96200	97173	48.113
963000	96300	96300	97272	48.281
964000	96400	96400	97373	47.997
965000	96501	96501	97474	48.162
966000	96601	96601	97573	48.029
967000	96701	96701	97671	48.45
968000	96801	96801	97772	48.27
969000	96901	96901	97873	48.421
970000	97001	97001	97973	48.58
971000	97101	97101	98070	48.463
972000	97201	97201	98172	48.925
973000	97301	97301	98273	48.503
974000	97401	97401	98372	48.909
975000	97501	97501	98473	48.724
976000	97601	97601	98573	48.88
977000	97701	97701	98673	48.879
978000	97801	97801	98773	49.041
979000	97901	97901	98874	48.77
980000	98001	98001	98972	48.906
981000	98101	98101	99074	49.034
982000	98201	98201	99173	49.107
983000	98301	98301	99275	49.167
984000	98401	98401	99373	49.077
985000	98501	98501	99473	49.029
986000	98601	98601	99572	49.325
987000	98701	98701	99671	49.276
988000	98801	98801	99774	49.682
989000	98901	98901	99872	49.633
990000	99001	99001	99973	49.603
991000	99101	99101	100073	49.56
992000	99201	99201	100173	49.557
993000	99301	99301	100273	49.516
994000	99401	99401	100374	49.756
995000	99501	99501	100471	49.621
996000	99601	99601	100574	49.825
997000	99701	99701	100672	49.952
998000	99801	99801	100774	49.813
999000	99901	99901	100873	49.949
1000000	100001	100001	100973	50.157
