time	clients	active	ids	slots
1000	100	100	174	0.48
2000	201	100	274	0.55
3000	300	100	374	0.56
4000	401	101	474	0.57
5000	501	101	573	0.59
6000	601	100	672	0.55
7000	701	101	774	0.5
8000	800	100	875	0.55
9000	901	99	973	0.48
10000	1001	100	1073	0.58
11000	1101	100	1171	0.6
12000	1201	101	1272	0.58
13000	1301	101	1373	0.63
14000	1401	100	1473	0.62
15000	1501	101	1573	0.56
16000	1601	100	1673	0.55
17000	1701	101	1773	0.47
18000	1800	99	1872	0.5
19000	1901	99	1973	0.57
20000	2000	99	2074	0.64
21000	2101	99	2175	0.61
22000	2201	99	2275	0.5
23000	2301	101	2373	0.54
24000	2401	100	2474	0.6
25000	2501	100	2574	0.59
26000	2601	101	2673	0.53
27000	2701	100	2774	0.51
28000	2801	101	2873	0.53
29000	2901	101	2973	0.52
30000	3001	100	3075	0.58
31000	3101	101	3173	0.45
32000	3201	101	3273	0.64
33000	3301	100	3373	0.61
34000	3401	101	3472	0.51
35000	3501	100	3573	0.56
36000	3601	101	3673	0.49
37000	3701	101	3773	0.58
38000	3800	100	3873	0.56
39000	3901	99	3974	0.51
40000	4001	99	4072	0.52
41000	4101	99	4173	0.59
42000	4201	100	4272	0.62
43000	4301	99	4372	0.49
44000	4401	99	4473	0.58
45000	4501	99	4573	0.53
46000	4601	100	4673	0.51
47000	4701	99	4773	0.59
48000	4801	100	4873	0.46
49000	4901	100	4973	0.61
50000	5001	101	5074	0.52
51000	5101	100	5173	0.56
52000	5201	100	5274	0.58
53000	5301	100	5371	0.51
54000	5401	99	5472	0.51
55000	5501	101	5573	0.6
56000	5601	100	5673	0.53
57000	5701	100	5773	0.61
58000	5801	100	5873	0.5
59000	5901	100	5973	0.49
60000	6001	101	6073	0.52
61000	6101	101	6173	0.53
62000	6201	101	6275	0.5
63000	6301	99	6373	0.54
64000	6401	100	6474	0.57
65000	6501	100	6574	0.51
66000	6601	101	6672	0.53
67000	6701	100	6772	0.65
68000	6801	100	6874	0.49
69000	6901	101	6973	0.59
70000	7001	100	7074	0.51
71000	7101	100	7174	0.57
72000	7201	100	7274	0.52
73000	7301	100	7373	0.55
74000	7401	101	7474	0.51
75000	7501	100	7573	0.58
76000	7601	100	7673	0.57
77000	7701	100	7773	0.55
78000	7801	101	7872	0.51
79000	7900	100	7974	0.62
80000	8001	99	8074	0.56
81000	8100	100	8172	0.62
82000	8200	100	8273	0.64
83000	8301	100	8372	0.64
84000	8400	99	8473	0.6
85000	8501	100	8574	0.55
86000	8601	100	8674	0.49
87000	8701	100	8774	0.55
88000	8801	100	8874	0.63
89000	8901	100	8973	0.54
90000	9001	100	9072	0.54
91000	9101	101	9175	0.56
92000	9201	100	9274	0.6
93000	9301	99	9372	0.49
94000	9401	100	9473	0.55
95000	9501	101	9573	0.56
96000	9601	100	9673	0.58
97000	9701	100	9774	0.54
98000	9801	101	9873	0.52
99000	9901	99	9974	0.59
100000	10001	102	10074	0.53
101000	10101	202	10174	1.05
102000	10201	200	10273	1.12
103000	10301	200	10373	1.12
104000	10401	199	10473	0.95
105000	10501	200	10573	1.16
106000	10600	201	10674	1.07
107000	10701	200	10774	1.19
108000	10801	200	10874	1.09
109000	10901	199	10974	1.03
110000	11001	200	11073	1.09
111000	11101	200	11173	1.04
112000	11200	200	11272	1.04
113000	11301	201	11373	1.03
114000	11401	202	11473	1.07
115000	11501	201	11574	1.08
116000	11601	200	11675	1.08
117000	11701	200	11774	1.04
118000	11801	200	11873	0.94
119000	11901	201	11973	1.11
120000	12001	200	12073	1.16
121000	12100	201	12173	1.19
122000	12201	199	12274	0.94
123000	12301	201	12371	1.1
124000	12401	200	12473	1.07
125000	12501	199	12573	1.09
126000	12601	199	12674	1.2
127000	12701	199	12773	1.19
128000	12801	200	12874	1.09
129000	12901	201	12973	1.05
130000	13001	200	13074	1.13
131000	13101	201	13172	1.17
132000	13201	200	13274	1.1
133000	13301	201	13374	1.16
134000	13401	200	13473	1.21
135000	13501	200	13574	1.06
136000	13600	201	13673	1.26
137000	13700	200	13772	1.03
138000	13801	201	13875	1.18
139000	13901	201	13972	1.1
140000	14001	200	14074	1.15
141000	14101	201	14175	1.01
142000	14200	200	14274	1.14
143000	14301	200	14375	1.15
144000	14401	200	14473	1.11
145000	14501	200	14573	0.94
146000	14601	200	14671	1.13
147000	14701	200	14773	1.09
148000	14801	199	14874	1
149000	14901	200	14973	1
150000	15001	200	15074	1.06
151000	15101	200	15173	1.01
152000	15201	201	15271	1.17
153000	15301	200	15374	1.12
154000	15401	200	15474	1.14
155000	15501	200	15573	1.07
156000	15601	200	15673	1.11
157000	15701	200	15773	1.06
158000	15801	200	15874	0.99
159000	15901	200	15974	1.12
160000	16000	199	16074	1.03
161000	16100	200	16173	1.13
162000	16200	200	16273	0.99
163000	16300	200	16373	1.21
164000	16401	200	16474	1.15
165000	16501	200	16573	1.23
166000	16601	199	16671	1.04
167000	16701	200	16775	1.11
168000	16801	200	16874	1.19
169000	16900	201	16971	1.06
170000	17001	201	17075	1
171000	17101	199	17173	1.04
172000	17201	200	17273	1.08
173000	17301	202	17374	1.15
174000	17401	200	17473	1.14
175000	17501	200	17572	1.05
176000	17601	201	17675	1.09
177000	17700	201	17773	1.1
178000	17801	200	17873	1.16
179000	17900	200	17973	1.04
180000	18000	200	18072	1.07
181000	18100	199	18173	1.36
182000	18201	201	18274	1.08
183000	18301	200	18374	1.1
184000	18400	201	18474	1.11
185000	18501	199	18573	1
186000	18601	202	18673	1.09
187000	18700	200	18774	1.21
188000	18800	200	18872	1.04
189000	18901	200	18973	1.06
190000	19001	201	19072	1.15
191000	19101	199	19173	1.13
192000	19200	200	19273	1.14
193000	19301	200	19372	1.12
194000	19401	199	19473	1.03
195000	19500	201	19573	1.05
196000	19600	200	19673	0.99
197000	19701	199	19773	1.08
198000	19801	200	19872	1.18
199000	19901	201	19974	1.08
200000	20001	200	20073	1.04
201000	20101	300	20172	1.68
202000	20201	301	20272	1.69
203000	20301	302	20374	1.66
204000	20401	300	20472	1.46
205000	20500	300	20571	1.66
206000	20601	299	20673	1.57
207000	20701	300	20772	1.67
208000	20801	299	20873	1.55
209000	20900	300	20974	1.69
210000	21001	300	21073	1.6
211000	21101	299	21175	1.8
212000	21200	300	21273	1.71
213000	21300	301	21373	1.7
214000	21401	299	21475	1.53
215000	21500	300	21574	1.65
216000	21600	301	21673	1.8
217000	21700	300	21774	1.7
218000	21801	300	21872	1.5
219000	21900	299	21973	1.6
220000	22001	299	22074	1.68
221000	22101	300	22173	1.76
222000	22200	301	22274	1.64
223000	22301	300	22373	1.63
224000	22401	299	22473	1.73
225000	22501	300	22574	1.67
226000	22600	300	22672	1.73
227000	22700	301	22773	1.65
228000	22800	302	22875	1.78
229000	22901	300	22974	1.62
230000	23000	301	23074	1.66
231000	23100	301	23172	1.69
232000	23200	302	23273	1.75
233000	23300	299	23374	1.54
234000	23401	300	23474	1.59
235000	23501	300	23573	1.67
236000	23600	299	23673	1.58
237000	23700	301	23773	1.77
238000	23800	301	23871	1.62
239000	23900	301	23974	1.63
240000	24000	300	24073	1.67
241000	24101	300	24174	1.74
242000	24200	301	24273	1.6
243000	24300	301	24374	1.68
244000	24401	300	24474	1.73
245000	24500	301	24573	1.66
246000	24601	300	24674	1.68
247000	24701	300	24775	1.88
248000	24800	301	24873	1.6
249000	24900	300	24973	1.64
250000	25001	299	25073	1.65
251000	25101	300	25171	1.63
252000	25201	299	25273	1.83
253000	25301	300	25374	1.58
254000	25400	300	25474	1.63
255000	25501	298	25573	1.67
256000	25600	301	25672	1.81
257000	25701	301	25773	1.68
258000	25801	300	25872	1.79
259000	25900	300	25973	1.7
260000	26000	299	26074	1.67
261000	26101	300	26174	1.57
262000	26201	299	26273	1.66
263000	26301	300	26374	1.68
264000	26400	300	26472	1.63
265000	26501	299	26571	1.71
266000	26601	300	26674	1.66
267000	26701	299	26773	1.76
268000	26801	299	26873	1.67
269000	26900	301	26973	1.68
270000	27001	298	27072	1.67
271000	27101	299	27173	1.63
272000	27201	300	27273	1.56
273000	27301	300	27374	1.68
274000	27401	300	27474	1.7
275000	27501	300	27574	1.63
276000	27601	300	27673	1.7
277000	27701	301	27774	1.57
278000	27801	299	27873	1.62
279000	27901	300	27973	1.6
280000	28001	300	28073	1.7
281000	28101	301	28172	1.68
282000	28201	299	28274	1.64
283000	28301	301	28374	1.59
284000	28401	300	28474	1.79
285000	28501	300	28573	1.58
286000	28601	301	28672	1.6
287000	28701	299	28774	1.7
288000	28801	300	28874	1.71
289000	28901	301	28972	1.64
290000	29001	299	29075	1.67
291000	29101	300	29173	1.69
292000	29201	301	29272	1.76
293000	29301	302	29374	1.71
294000	29401	300	29475	1.63
295000	29501	300	29573	1.7
296000	29601	301	29673	1.83
297000	29701	301	29774	1.56
298000	29801	301	29873	1.58
299000	29901	301	29971	1.61
300000	30001	300	30072	1.69
301000	30101	401	30173	2.21
302000	30201	402	30273	2.28
303000	30301	400	30372	2.3
304000	30401	401	30472	2.05
305000	30501	401	30573	2.2
306000	30601	400	30674	2.2
307000	30701	402	30773	1.98
308000	30801	402	30873	2.34
309000	30901	400	30975	1.94
310000	31001	400	31074	2.11
311000	31101	399	31173	2.28
312000	31201	401	31272	2.31
313000	31301	403	31373	2.06
314000	31401	399	31472	2.23
315000	31501	400	31573	2.25
316000	31601	400	31674	1.99
317000	31701	401	31773	2.3
318000	31801	400	31872	2.11
319000	31901	400	31973	2.25
320000	32001	400	32073	2.14
321000	32101	399	32173	2.04
322000	32200	397	32273	2.11
323000	32300	399	32375	2.32
324000	32400	400	32474	2.12
325000	32501	399	32574	2.11
326000	32600	400	32673	2.09
327000	32700	400	32773	2.13
328000	32800	401	32873	2.11
329000	32900	402	32973	2.27
330000	33000	399	33073	2.16
331000	33101	400	33173	2.17
332000	33201	400	33273	2.3
333000	33300	400	33374	2.04
334000	33400	400	33472	2.13
335000	33500	402	33573	2.37
336000	33600	399	33674	2.14
337000	33700	400	33774	2.19
338000	33801	400	33873	2.34
339000	33901	399	33973	2.21
340000	34000	401	34074	2.13
341000	34100	399	34173	2.21
342000	34200	400	34274	2.13
343000	34300	400	34374	2.22
344000	34400	401	34472	2.15
345000	34501	399	34573	2.18
346000	34600	400	34674	2.23
347000	34700	400	34774	2.11
348000	34801	400	34874	2.22
349000	34900	399	34973	2.33
350000	35001	400	35074	2.27
351000	35100	402	35172	2.14
352000	35201	400	35272	2.28
353000	35300	399	35375	2.38
354000	35401	401	35474	2.18
355000	35501	400	35573	2.22
356000	35600	402	35673	2.12
357000	35701	401	35772	2.32
358000	35801	401	35874	2.23
359000	35901	399	35973	2.38
360000	36001	403	36073	2.35
361000	36101	400	36174	2.21
362000	36200	400	36271	2.06
363000	36301	401	36374	2.21
364000	36400	402	36475	2.3
365000	36501	398	36573	2.14
366000	36601	398	36672	2.27
367000	36701	400	36772	2.19
368000	36800	401	36873	2.18
369000	36900	402	36972	2.25
370000	37000	400	37073	2.13
371000	37100	398	37173	2.22
372000	37200	401	37273	2.02
373000	37300	399	37374	2.34
374000	37401	401	37475	2.32
375000	37501	401	37575	2.33
376000	37601	400	37673	2.28
377000	37700	402	37773	2.19
378000	37800	400	37873	2.19
379000	37900	400	37972	2.12
380000	38001	400	38073	2.18
381000	38101	400	38173	2.08
382000	38201	401	38272	2.17
383000	38301	403	38373	2.21
384000	38401	400	38473	2.04
385000	38500	401	38574	2.23
386000	38600	400	38673	2.16
387000	38700	402	38773	2.17
388000	38800	403	38873	2.28
389000	38900	400	38973	2.18
390000	39000	398	39073	2.38
391000	39101	400	39172	2.32
392000	39201	402	39272	2.21
393000	39301	400	39374	2.31
394000	39401	400	39473	2.32
395000	39501	400	39575	2.32
396000	39601	400	39673	2.01
397000	39701	401	39773	2.19
398000	39801	399	39875	2.17
399000	39901	399	39974	2.22
400000	40000	401	40073	2.13
401000	40101	501	40173	2.76
402000	40201	501	40274	2.78
403000	40301	500	40373	2.64
404000	40401	503	40474	2.76
405000	40501	499	40574	2.92
406000	40600	501	40674	2.63
407000	40700	498	40773	2.89
408000	40800	501	40874	2.83
409000	40901	500	40974	2.57
410000	41000	501	41073	2.79
411000	41101	500	41173	2.61
412000	41200	501	41274	2.73
413000	41300	500	41374	2.65
414000	41401	501	41475	2.63
415000	41501	500	41572	2.82
416000	41600	501	41675	2.65
417000	41701	501	41774	2.84
418000	41800	498	41873	2.68
419000	41900	501	41973	2.66
420000	42001	500	42073	2.78
421000	42100	503	42172	2.65
422000	42200	500	42273	2.57
423000	42301	502	42373	2.58
424000	42401	500	42473	2.75
425000	42500	500	42572	2.91
426000	42600	500	42673	2.76
427000	42700	501	42772	2.6
428000	42801	500	42873	2.78
429000	42901	502	42972	2.88
430000	43001	501	43072	2.79
431000	43101	500	43173	2.7
432000	43200	500	43274	2.76
433000	43300	501	43372	2.77
434000	43401	500	43474	2.98
435000	43501	500	43573	2.7
436000	43600	500	43673	2.8
437000	43700	499	43774	2.88
438000	43800	499	43875	2.8
439000	43901	503	43974	2.83
440000	44001	499	44071	2.85
441000	44101	499	44173	2.81
442000	44201	500	44274	2.85
443000	44301	501	44373	2.72
444000	44401	500	44472	2.64
445000	44500	501	44574	2.72
446000	44600	500	44673	2.74
447000	44700	502	44774	2.84
448000	44800	499	44873	2.63
449000	44900	498	44972	2.79
450000	45001	500	45073	2.79
451000	45101	500	45174	2.78
452000	45201	503	45272	2.83
453000	45301	501	45375	2.87
454000	45401	500	45474	2.91
455000	45501	500	45575	2.74
456000	45601	498	45673	2.97
457000	45701	502	45772	2.75
458000	45801	500	45873	2.85
459000	45901	499	45973	2.75
460000	46001	499	46074	2.85
461000	46101	502	46171	2.64
462000	46201	501	46274	2.91
463000	46301	497	46372	2.95
464000	46401	499	46473	2.6
465000	46501	500	46572	2.71
466000	46601	499	46673	2.73
467000	46700	503	46773	2.72
468000	46800	499	46873	2.89
469000	46900	503	46973	2.87
470000	47000	499	47074	2.79
471000	47101	499	47175	2.92
472000	47201	502	47274	2.67
473000	47301	501	47372	2.65
474000	47401	501	47474	2.96
475000	47501	499	47572	2.72
476000	47600	500	47673	2.62
477000	47701	500	47773	2.94
478000	47801	501	47874	2.65
479000	47901	501	47973	2.81
480000	48001	500	48074	2.74
481000	48101	501	48172	2.7
482000	48201	499	48274	2.77
483000	48301	499	48374	2.6
484000	48401	500	48473	2.93
485000	48501	500	48574	2.68
486000	48601	499	48673	3.02
487000	48701	497	48773	2.76
488000	48801	502	48872	2.57
489000	48901	500	48973	2.83
490000	49001	501	49073	2.69
491000	49100	501	49173	2.84
492000	49201	499	49272	2.8
493000	49300	499	49373	2.9
494000	49401	497	49472	2.85
495000	49501	498	49574	2.85
496000	49601	500	49673	2.85
497000	49700	502	49773	2.8
498000	49801	498	49871	2.66
499000	49901	498	49975	2.82
500000	50001	504	50073	2.59
501000	50100	599	50174	3.14
502000	50200	600	50274	3.5
503000	50300	600	50373	3.4
504000	50401	601	50473	3.23
505000	50501	601	50574	3.36
506000	50601	602	50674	3.3
507000	50701	601	50773	3.48
508000	50801	602	50874	3.19
509000	50901	601	50974	3.52
510000	51001	600	51074	3.36
511000	51100	599	51172	3.2
512000	51200	599	51274	3.36
513000	51301	597	51373	3.27
514000	51401	603	51474	3.36
515000	51501	601	51573	3.51
516000	51601	599	51672	3.29
517000	51701	599	51773	3.3
518000	51800	598	51873	3.28
519000	51900	602	51973	3.41
520000	52001	599	52074	3.41
521000	52101	601	52174	3.14
522000	52201	601	52273	3.26
523000	52301	598	52373	3.45
524000	52401	599	52473	3.19
525000	52501	601	52575	3.36
526000	52601	599	52673	3.21
527000	52701	599	52774	3.34
528000	52801	602	52873	3.56
529000	52901	598	52974	3.45
530000	53001	601	53074	3.22
531000	53101	601	53174	3.27
532000	53201	601	53273	3.06
533000	53301	601	53375	3.25
534000	53401	601	53473	3.21
535000	53501	600	53574	3.35
536000	53601	599	53674	3.39
537000	53701	599	53774	3.13
538000	53800	600	53873	3.22
539000	53901	599	53974	3.35
540000	54001	599	54072	3.36
541000	54100	600	54173	3.38
542000	54201	601	54273	3.34
543000	54300	600	54375	3.36
544000	54401	600	54474	3.31
545000	54500	600	54574	3.32
546000	54601	602	54673	3.21
547000	54701	600	54773	3.38
548000	54801	600	54873	3.25
549000	54901	600	54973	3.26
550000	55001	601	55072	3.11
551000	55101	599	55175	3.48
552000	55201	600	55273	3.35
553000	55301	600	55372	3.58
554000	55401	601	55473	3.07
555000	55501	600	55573	3.22
556000	55601	599	55675	3.16
557000	55701	601	55775	3.36
558000	55801	600	55873	3.1
559000	55901	597	55972	3.3
560000	56001	600	56072	3.2
561000	56101	602	56173	3.2
562000	56201	600	56273	3.27
563000	56301	600	56373	3.27
564000	56401	598	56473	3.31
565000	56501	599	56573	3.31
566000	56601	600	56673	3.36
567000	56701	600	56774	3.21
568000	56801	600	56873	3.36
569000	56901	601	56973	3.18
570000	57001	600	57074	3.25
571000	57101	600	57173	3.29
572000	57201	600	57273	3.08
573000	57301	599	57372	3.46
574000	57401	599	57472	3.22
575000	57501	600	57573	3.31
576000	57601	601	57673	3.15
577000	57701	599	57774	3.47
578000	57801	597	57874	3.29
579000	57901	598	57973	3.2
580000	58001	600	58073	3.23
581000	58101	599	58174	3.41
582000	58201	599	58273	3.01
583000	58301	599	58373	3.4
584000	58401	600	58474	3.41
585000	58501	601	58573	3.39
586000	58600	600	58672	3.32
587000	58701	599	58774	3.53
588000	58801	601	58872	3.11
589000	58901	600	58973	3.42
590000	59001	600	59073	3.2
591000	59101	601	59173	3.34
592000	59201	599	59272	3.19
593000	59301	600	59375	3.19
594000	59401	601	59473	3.2
595000	59501	599	59574	3.34
596000	59601	601	59674	3.24
597000	59701	600	59774	3.3
598000	59801	597	59874	3.38
599000	59901	600	59973	3.47
600000	60001	602	60074	3.09
601000	60101	697	60174	3.81
602000	60201	702	60274	3.6
603000	60301	697	60374	3.67
604000	60401	700	60474	3.8
605000	60501	702	60574	3.81
606000	60601	701	60674	3.83
607000	60701	699	60774	3.83
608000	60801	701	60872	4.08
609000	60901	700	60973	3.81
610000	61001	699	61072	3.9
611000	61101	700	61174	3.89
612000	61201	701	61274	3.95
613000	61301	700	61373	3.86
614000	61401	701	61474	3.7
615000	61501	701	61572	3.85
616000	61601	700	61673	3.87
617000	61701	700	61772	3.88
618000	61801	700	61875	3.87
619000	61901	698	61972	3.96
620000	62001	700	62073	3.96
621000	62101	700	62173	3.98
622000	62201	701	62274	3.92
623000	62301	696	62373	4.03
624000	62401	700	62473	3.74
625000	62501	701	62572	3.81
626000	62601	701	62674	3.79
627000	62701	700	62774	3.7
628000	62801	699	62873	4.11
629000	62901	697	62973	3.8
630000	63001	699	63071	3.76
631000	63101	698	63173	3.78
632000	63201	700	63273	3.74
633000	63301	700	63373	3.7
634000	63401	701	63473	3.79
635000	63501	699	63573	3.64
636000	63601	700	63674	3.97
637000	63701	702	63773	3.86
638000	63801	699	63871	4.04
639000	63901	699	63972	3.59
640000	64001	701	64074	3.82
641000	64101	700	64174	4.05
642000	64201	700	64274	3.99
643000	64301	702	64373	3.78
644000	64401	701	64474	3.76
645000	64501	701	64573	3.91
646000	64600	699	64673	3.88
647000	64700	698	64773	3.56
648000	64800	701	64873	3.77
649000	64900	700	64973	4.17
650000	65000	700	65074	3.89
651000	65100	703	65173	3.7
652000	65200	698	65274	3.76
653000	65300	700	65374	3.97
654000	65400	700	65474	3.72
655000	65500	701	65572	3.73
656000	65600	702	65674	3.82
657000	65700	698	65774	4.22
658000	65800	702	65871	3.91
659000	65900	699	65972	3.81
660000	66001	700	66072	3.84
661000	66100	699	66173	3.94
662000	66200	702	66273	3.75
663000	66301	700	66374	3.82
664000	66401	701	66473	3.75
665000	66500	700	66572	3.89
666000	66600	700	66674	3.72
667000	66700	699	66772	3.88
668000	66800	701	66875	3.71
669000	66900	700	66974	3.98
670000	67000	699	67073	3.96
671000	67100	701	67174	3.8
672000	67201	699	67274	3.93
673000	67301	700	67373	3.57
674000	67401	699	67473	4
675000	67500	700	67573	3.93
676000	67600	700	67673	3.77
677000	67700	700	67774	3.62
678000	67800	700	67872	3.94
679000	67900	700	67973	3.91
680000	68000	700	68074	3.95
681000	68101	702	68172	3.81
682000	68200	698	68274	3.82
683000	68301	701	68374	4.08
684000	68401	700	68474	3.72
685000	68500	700	68574	3.81
686000	68600	704	68672	3.82
687000	68700	697	68773	4.01
688000	68800	700	68874	3.89
689000	68900	700	68974	4.01
690000	69000	700	69073	3.89
691000	69100	702	69174	3.9
692000	69200	698	69273	3.85
693000	69300	702	69374	3.97
694000	69400	699	69474	3.86
695000	69500	699	69574	3.83
696000	69601	701	69672	3.98
697000	69701	700	69773	3.95
698000	69801	700	69872	3.45
699000	69901	701	69974	3.89
700000	70001	701	70074	3.76
701000	70100	799	70175	4.31
702000	70201	800	70275	4.12
703000	70301	799	70374	4.27
704000	70401	800	70474	4.4
705000	70501	800	70573	4.45
706000	70601	800	70673	4.35
707000	70700	799	70773	4.51
708000	70800	800	70874	4.4
709000	70900	801	70971	4.34
710000	71001	800	71073	4.35
711000	71101	798	71173	4.41
712000	71201	800	71275	4.58
713000	71300	799	71373	4.29
714000	71400	799	71472	4.28
715000	71501	800	71575	4.25
716000	71601	799	71674	4.29
717000	71701	800	71773	4.52
718000	71800	801	71874	4.51
719000	71900	799	71972	4.5
720000	72000	800	72073	4.44
721000	72100	799	72174	4.31
722000	72200	801	72272	4.41
723000	72300	798	72374	4.68
724000	72401	799	72473	4.49
725000	72501	800	72574	4.27
726000	72600	801	72673	4.36
727000	72700	799	72772	4.39
728000	72800	801	72872	4.45
729000	72900	802	72972	4.45
730000	73000	803	73073	4.44
731000	73100	801	73174	4.43
732000	73200	799	73274	4.54
733000	73300	799	73374	4.44
734000	73401	799	73473	4.36
735000	73500	797	73572	4.3
736000	73601	802	73673	4.9
737000	73701	800	73772	4.4
738000	73801	800	73875	4.06
739000	73900	801	73972	4.25
740000	74000	799	74073	4.16
741000	74100	802	74173	4.64
742000	74200	800	74272	4.57
743000	74300	799	74373	4.37
744000	74400	799	74473	4.46
745000	74500	800	74573	4.69
746000	74601	800	74672	4.54
747000	74700	802	74775	4.56
748000	74801	798	74872	4.35
749000	74901	800	74973	4.59
750000	75000	800	75073	4.39
751000	75100	801	75171	4.52
752000	75200	800	75274	4.3
753000	75300	800	75374	4.34
754000	75400	801	75472	4.46
755000	75500	800	75574	4.58
756000	75600	801	75674	4.18
757000	75700	799	75773	4.31
758000	75800	802	75873	4.38
759000	75900	798	75972	4.44
760000	76001	803	76073	4.68
761000	76101	798	76174	4.28
762000	76200	802	76273	4.47
763000	76301	797	76373	4.25
764000	76401	802	76474	4.39
765000	76501	800	76573	4.49
766000	76600	800	76674	4.4
767000	76700	801	76773	4.22
768000	76800	804	76873	4.53
769000	76900	798	76973	4.26
770000	77000	797	77074	4.51
771000	77100	803	77173	4.4
772000	77200	800	77274	4.44
773000	77301	801	77373	4.44
774000	77401	799	77475	4.57
775000	77500	802	77574	4.32
776000	77600	802	77673	4.3
777000	77700	799	77773	4.38
778000	77801	802	77871	4.31
779000	77901	797	77973	4.4
780000	78001	800	78072	4.25
781000	78101	800	78171	4.27
782000	78200	802	78274	4.46
783000	78300	799	78373	4.31
784000	78400	798	78472	4.38
785000	78500	802	78574	4.56
786000	78600	801	78673	4.48
787000	78701	796	78773	4.45
788000	78801	804	78871	4.73
789000	78901	800	78972	4.62
790000	79001	799	79073	4.39
791000	79100	804	79174	4.44
792000	79200	796	79273	4.34
793000	79300	800	79374	4.52
794000	79400	803	79472	4.48
795000	79500	799	79572	4.27
796000	79600	799	79676	4.37
797000	79700	802	79774	4.59
798000	79800	798	79872	4.3
799000	79900	800	79974	4.4
800000	80001	801	80073	4.31
801000	80101	899	80172	5.06
802000	80201	900	80274	4.69
803000	80301	903	80373	5.06
804000	80401	902	80473	5.13
805000	80501	899	80574	5.22
806000	80601	899	80671	4.88
807000	80701	900	80775	5.08
808000	80800	902	80873	4.98
809000	80900	901	80974	4.96
810000	81000	904	81073	5.04
811000	81100	897	81173	5.11
812000	81200	902	81274	4.88
813000	81300	902	81371	5.12
814000	81401	902	81472	4.97
815000	81501	902	81573	4.87
816000	81601	900	81674	4.95
817000	81701	904	81773	4.94
818000	81800	899	81874	4.9
819000	81901	897	81972	5.1
820000	82000	899	82073	5.06
821000	82101	899	82175	5.14
822000	82201	904	82273	4.83
823000	82300	899	82374	4.88
824000	82401	897	82473	5.01
825000	82500	901	82573	4.9
826000	82601	900	82674	4.81
827000	82701	901	82772	5.22
828000	82800	899	82874	4.75
829000	82901	898	82973	4.96
830000	83001	901	83074	5.22
831000	83101	902	83173	4.97
832000	83201	900	83274	5.05
833000	83300	901	83373	4.93
834000	83400	902	83474	5.07
835000	83500	901	83574	4.92
836000	83600	899	83673	4.81
837000	83700	903	83772	4.9
838000	83801	901	83871	5
839000	83901	895	83974	5.13
840000	84001	902	84073	4.81
841000	84101	900	84173	4.88
842000	84201	900	84274	4.82
843000	84301	899	84373	4.99
844000	84400	899	84474	4.48
845000	84500	902	84573	4.91
846000	84601	901	84672	4.67
847000	84700	898	84774	4.82
848000	84801	898	84874	4.78
849000	84901	900	84973	4.9
850000	85001	901	85075	5.1
851000	85101	900	85174	4.92
852000	85200	900	85274	5.06
853000	85300	900	85373	4.93
854000	85400	898	85473	4.82
855000	85500	902	85573	5
856000	85600	896	85674	5.07
857000	85700	902	85771	4.94
858000	85801	900	85874	4.98
859000	85901	898	85974	5.08
860000	86001	901	86073	4.71
861000	86101	900	86173	5.18
862000	86200	898	86273	4.83
863000	86300	900	86373	5.46
864000	86400	901	86472	5.15
865000	86501	901	86572	4.74
866000	86601	899	86673	4.96
867000	86701	896	86775	4.89
868000	86801	901	86874	5.14
869000	86901	900	86972	4.98
870000	87000	901	87073	5.03
871000	87100	899	87172	4.98
872000	87201	899	87272	4.9
873000	87301	899	87372	5.11
874000	87401	902	87474	4.73
875000	87501	900	87574	5.14
876000	87601	900	87672	5.03
877000	87700	900	87775	4.95
878000	87800	899	87874	4.68
879000	87900	902	87974	4.94
880000	88000	900	88074	4.99
881000	88100	900	88174	4.79
882000	88200	902	88274	5.15
883000	88300	903	88375	4.97
884000	88400	897	88473	4.85
885000	88500	900	88571	5.08
886000	88600	900	88673	4.85
887000	88700	899	88774	4.88
888000	88800	903	88872	4.93
889000	88901	896	88973	5.02
890000	89001	899	89075	4.77
891000	89101	905	89175	5
892000	89201	898	89273	4.96
893000	89301	899	89372	5.08
894000	89401	902	89471	5.08
895000	89501	899	89573	4.85
896000	89600	898	89672	4.93
897000	89700	900	89773	4.7
898000	89801	902	89872	4.99
899000	89901	898	89973	5.03
900000	90001	900	90074	5.11
901000	90101	999	90173	5.71
902000	90201	999	90275	5.66
903000	90301	997	90373	5.58
904000	90400	1000	90472	5.49
905000	90501	1001	90573	5.5
906000	90601	1004	90673	5.63
907000	90701	998	90772	5.54
908000	90801	1001	90874	5.22
909000	90901	1003	90975	5.83
910000	91001	998	91074	5.77
911000	91101	999	91173	5.19
912000	91201	999	91272	5.65
913000	91301	997	91372	5.32
914000	91401	1001	91474	5.59
915000	91501	1000	91575	5.37
916000	91600	1003	91673	5.66
917000	91700	997	91773	5.5
918000	91800	1002	91872	5.58
919000	91900	1001	91972	5.65
920000	92000	999	92073	5.48
921000	92101	997	92173	5.56
922000	92200	1005	92273	5.28
923000	92301	999	92374	5.47
924000	92401	998	92472	5.72
925000	92501	1001	92573	5.59
926000	92601	999	92673	5.57
927000	92700	999	92772	5.42
928000	92801	1004	92874	5.71
929000	92900	999	92973	5.34
930000	93001	1000	93072	5.52
931000	93101	1000	93173	5.27
932000	93201	999	93273	5.46
933000	93301	1001	93372	5.55
934000	93401	1000	93472	5.47
935000	93501	999	93575	5.69
936000	93601	999	93674	5.39
937000	93701	1000	93775	5.23
938000	93801	1001	93874	5.35
939000	93901	998	93972	5.46
940000	94001	1001	94076	5.63
941000	94101	1002	94173	5.35
942000	94201	999	94272	5.52
943000	94301	999	94371	5.69
944000	94401	1000	94474	5.42
945000	94501	1000	94573	5.52
946000	94601	1000	94673	5.78
947000	94700	998	94773	5.41
948000	94800	1000	94873	5.53
949000	94900	1000	94974	5.73
950000	95000	1000	95073	5.46
951000	95100	1003	95172	5.46
952000	95200	1000	95274	5.41
953000	95301	999	95372	5.45
954000	95401	1001	95471	5.54
955000	95501	1003	95574	5.5
956000	95601	999	95674	5.44
957000	95701	1003	95772	5.4
958000	95801	999	95872	5.65
959000	95901	999	95975	5.63
960000	96001	999	96075	5.82
961000	96101	1000	96175	5.66
962000	96200	1001	96275	5.68
963000	96300	997	96373	5.65
964000	96400	999	96472	5.16
965000	96500	999	96570	5.75
966000	96600	1000	96675	5.63
967000	96701	1000	96774	5.35
968000	96801	1002	96874	5.71
969000	96901	1001	96973	5.62
970000	97001	1001	97073	5.6
971000	97101	999	97174	5.66
972000	97201	999	97273	5.51
973000	97301	1001	97374	5.54
974000	97401	999	97473	5.69
975000	97501	1001	97573	5.48
976000	97601	1001	97676	5.75
977000	97701	996	97772	5.88
978000	97801	1000	97873	5.56
979000	97900	998	97974	5.39
980000	98000	999	98074	5.65
981000	98100	999	98174	5.59
982000	98201	1000	98273	5.62
983000	98301	999	98373	5.49
984000	98400	999	98474	5.45
985000	98500	997	98572	5.6
986000	98601	999	98673	5.5
987000	98700	998	98773	5.53
988000	98801	1003	98873	5.32
989000	98901	1000	98973	5.42
990000	99001	999	99072	5.43
991000	99101	1003	99174	5.37
992000	99201	997	99273	5.68
993000	99301	999	99374	5.45
994000	99400	999	99472	5.54
995000	99501	1002	99573	5.55
996000	99601	999	99672	5.12
997000	99701	1002	99773	5.38
998000	99801	1003	99873	5.79
999000	99901	1000	99973	5.42
1000000	100000	999	100074	5.61
