time	clients	active	ids	slots
100	100	100	4	0.53
200	200	200	22	0.96
300	301	301	92	1.67
400	400	400	162	1.95
500	500	500	242	2.53
600	601	601	341	2.88
700	701	701	443	3.62
800	801	801	537	3.97
900	900	900	642	4.44
1000	1000	1000	745	5.07
1100	1101	1101	844	5.74
1200	1201	1201	946	5.66
1300	1300	1300	1049	7.03
1400	1400	1400	1134	6.57
1500	1500	1500	1237	7.78
1600	1601	1601	1342	7.99
1700	1701	1701	1441	8.74
1800	1801	1801	1549	8.89
1900	1900	1900	1641	9.57
2000	2001	2000	1736	9.93
2100	2101	2101	1842	10.67
2200	2201	2201	1941	10.87
2300	2301	2301	2034	11.64
2400	2401	2401	2139	12.09
2500	2501	2501	2245	12.59
2600	2601	2601	2342	13.12
2700	2701	2701	2441	13.5
2800	2801	2801	2543	13.63
2900	2901	2901	2637	14.75
3000	3000	3000	2734	14.88
3100	3100	3100	2844	15.74
3200	3201	3200	2940	15.67
3300	3301	3301	3037	16.83
3400	3401	3401	3141	17.08
3500	3501	3501	3242	17.85
3600	3601	3601	3335	18.01
3700	3701	3701	3445	18.41
3800	3801	3801	3548	19.03
3900	3901	3901	3648	19.3
4000	4000	4000	3747	20.57
4100	4100	4100	3843	20.15
4200	4200	4200	3942	21.35
4300	4300	4300	4037	21.23
4400	4400	4400	4148	22.25
4500	4500	4500	4244	22.03
4600	4600	4600	4344	22.99
4700	4700	4700	4438	23.27
4800	4801	4801	4542	24.06
4900	4901	4901	4647	24.68
5000	5001	5001	4750	25.09
5100	5101	5101	4840	25.67
5200	5201	5201	4937	25.93
5300	5301	5301	5039	26.58
5400	5401	5401	5141	27.28
5500	5501	5501	5239	27.37
5600	5601	5601	5335	28.38
5700	5701	5701	5441	28.28
5800	5801	5801	5544	29.38
5900	5901	5901	5637	29.18
6000	6001	6001	5736	29.81
6100	6101	6101	5835	30.32
6200	6201	6201	5940	31.35
6300	6301	6301	6041	31.53
6400	6401	6401	6144	31.87
6500	6501	6501	6241	32.84
6600	6601	6601	6340	32.91
6700	6701	6701	6434	33.22
6800	6801	6801	6541	34.16
6900	6901	6901	6651	34.83
7000	7001	7001	6743	35.1
7100	7101	7101	6841	35.35
7200	7201	7201	6939	36.1
7300	7301	7301	7036	36.38
7400	7401	7401	7135	37.62
7500	7501	7501	7241	37.6
7600	7601	7601	7333	38.05
7700	7701	7701	7434	38.25
7800	7801	7801	7544	38.55
7900	7901	7901	7642	39.37
8000	8000	8000	7733	40.01
8100	8100	8100	7836	40.73
8200	8200	8200	7939	40.45
8300	8300	8300	8036	41.96
8400	8400	8400	8137	41.38
8500	8500	8500	8237	43.44
8600	8600	8600	8341	42.42
8700	8700	8700	8433	43.43
8800	8800	8800	8544	44.04
8900	8900	8900	8651	44.62
9000	9000	9000	8739	44.84
9100	9100	9100	8839	45.63
9200	9200	9200	8941	45.84
9300	9300	9300	9040	46.85
9400	9400	9400	9145	46.87
9500	9500	9500	9236	47.32
9600	9600	9600	9349	48.42
9700	9700	9700	9443	47.54
9800	9800	9800	9538	49.72
9900	9900	9900	9657	48.91
10000	10000	10000	9753	50.65
10100	10100	10100	9845	49.23
10200	10200	10200	9940	52.25
10300	10300	10300	10044	49.96
10400	10400	10400	10144	53.1
10500	10500	10500	10247	51.98
10600	10600	10600	10344	53.72
10700	10700	10700	10437	52.83
10800	10800	10800	10535	54.49
10900	10900	10900	10643	54.51
11000	11000	11000	10743	54.68
11100	11100	11100	10846	55.63
11200	11200	11200	10946	55.63
11300	11301	11301	11042	56.57
11400	11401	11401	11147	56.96
11500	11501	11501	11242	57.37
11600	11601	11601	11342	58.28
11700	11701	11701	11435	58.54
11800	11801	11801	11544	58.81
11900	11901	11901	11635	59.89
12000	12001	12001	11754	59.76
12100	12101	12101	11845	60.86
12200	12201	12201	11946	61.36
12300	12301	12301	12042	62.38
12400	12401	12401	12141	61.71
12500	12501	12501	12249	62.53
12600	12601	12601	12353	63.15
12700	12701	12701	12446	63.4
12800	12801	12801	12550	63.69
12900	12901	12901	12647	64.99
13000	13001	13001	12747	64.49
13100	13101	13101	12850	66.03
13200	13201	13201	12950	66.09
13300	13301	13301	13048	66.61
13400	13401	13401	13142	67.13
13500	13501	13501	13240	66.78
13600	13601	13601	13340	69.09
13700	13701	13701	13446	68.28
13800	13801	13801	13547	69.45
13900	13901	13901	13648	69.34
14000	14001	14001	13757	69.99
14100	14101	14101	13840	70.91
14200	14201	14201	13938	71.04
14300	14301	14301	14046	71.39
14400	14401	14401	14148	71.6
14500	14501	14501	14245	72.65
14600	14601	14601	14347	72.34
14700	14701	14701	14452	74.04
14800	14801	14801	14550	73.62
14900	14901	14901	14649	74.74
15000	15001	15001	14749	74.38
15100	15101	15101	14834	75.74
15200	15201	15201	14939	74.96
15300	15301	15301	15044	77.18
15400	15401	15401	15142	75.89
15500	15501	15501	15244	78.14
15600	15601	15601	15347	77.29
15700	15701	15701	15439	78.53
15800	15801	15801	15542	78.34
15900	15901	15901	15650	79.93
16000	16000	16000	15753	79.79
16100	16100	16100	15841	80.64
16200	16200	16200	15940	80.54
16300	16300	16300	16046	81.9
16400	16400	16400	16144	81.29
16500	16500	16500	16237	81.75
16600	16600	16600	16342	83.72
16700	16700	16700	16447	82.64
16800	16800	16800	16538	84.71
16900	16900	16900	16647	84.19
17000	17000	17000	16741	85.54
17100	17100	17100	16844	85.68
17200	17200	17200	16947	86.26
17300	17300	17300	17052	85.87
17400	17400	17400	17141	87.54
17500	17500	17500	17242	87.17
17600	17600	17600	17344	88.15
17700	17700	17700	17453	88.76
17800	17800	17800	17540	88.93
17900	17900	17900	17647	88.65
18000	18000	18000	17733	90.07
18100	18100	18100	17834	90.28
18200	18200	18200	17943	91.2
18300	18300	18300	18044	92.36
18400	18400	18400	18150	91.84
18500	18500	18500	18237	93.64
18600	18600	18600	18336	91.83
18700	18700	18700	18437	93.83
18800	18800	18800	18535	93.42
18900	18900	18900	18643	95.04
19000	19000	19000	18744	94.37
19100	19100	19100	18842	95.42
19200	19200	19200	18944	96.22
19300	19300	19300	19036	96.18
19400	19400	19400	19142	97.35
19500	19500	19500	19240	98.06
19600	19600	19600	19342	98.02
19700	19700	19700	19442	99.3
19800	19800	19800	19537	98.01
19900	19900	19900	19643	99.24
20000	20000	20000	19743	100.13
20100	20100	20100	19841	101.16
20200	20200	20200	19941	100.69
20300	20300	20300	20038	102.25
20400	20400	20400	20140	101.8
20500	20500	20500	20247	102.21
20600	20600	20600	20345	103.78
20700	20700	20700	20443	102.16
20800	20800	20800	20547	105.51
20900	20900	20900	20649	103.68
21000	21000	21000	20745	105.52
21100	21100	21100	20850	104.71
21200	21200	21200	20951	107.23
21300	21300	21300	21044	104.82
21400	21400	21400	21145	108.08
21500	21501	21501	21240	105.83
21600	21601	21601	21342	109.05
21700	21701	21701	21432	108.53
21800	21801	21801	21540	109.54
21900	21901	21901	21647	108.82
22000	22001	22001	21740	109.8
22100	22101	22101	21846	110.4
22200	22201	22201	21939	110.3
22300	22301	22301	22044	112.41
22400	22401	22401	22150	111.34
22500	22501	22501	22245	113.15
22600	22601	22601	22341	111.8
22700	22701	22701	22445	114.52
22800	22801	22801	22547	114.09
22900	22901	22901	22648	114.75
23000	23001	23001	22742	115.09
23100	23101	23101	22838	116.12
23200	23201	23201	22934	115.38
23300	23301	23301	23040	116.51
23400	23401	23401	23147	117.41
23500	23501	23501	23244	118.32
23600	23601	23601	23340	117.25
23700	23701	23701	23442	118.95
23800	23801	23801	23536	117.23
23900	23901	23901	23644	120.21
24000	24001	24001	23745	119.98
24100	24101	24101	23844	121.92
24200	24201	24201	23949	121.23
24300	24301	24301	24041	122.27
24400	24401	24401	24144	122.37
24500	24501	24501	24245	123.15
24600	24601	24601	24350	123.4
24700	24701	24701	24450	123.54
24800	24800	24800	24539	123.72
24900	24900	24900	24634	125.5
25000	25000	25000	24734	124.61
25100	25100	25100	24844	127.4
25200	25200	25200	24946	125.86
25300	25300	25300	25044	125.72
25400	25400	25400	25141	127.36
25500	25500	25500	25242	127.81
25600	25600	25600	25341	127.01
25700	25700	25700	25431	128.76
25800	25800	25800	25542	128.69
25900	25900	25900	25642	129.94
26000	26000	26000	25751	130.05
26100	26100	26100	25850	129.65
26200	26200	26200	25952	131.04
26300	26300	26300	26045	131.1
26400	26400	26400	26144	131.82
26500	26500	26500	26237	131.62
26600	26600	26600	26353	133.52
26700	26700	26700	26452	131.91
26800	26800	26800	26548	134.6
26900	26900	26900	26638	133.55
27000	27001	27000	26741	135.29
27100	27101	27101	26838	135.92
27200	27201	27201	26933	136.25
27300	27301	27301	27045	135.05
27400	27401	27401	27140	138.33
27500	27501	27501	27237	136.73
27600	27601	27601	27335	138.64
27700	27701	27701	27441	137.7
27800	27801	27801	27538	139.43
27900	27901	27901	27641	139.22
28000	28001	28001	27753	139.75
28100	28101	28101	27846	140.49
28200	28201	28201	27943	141.33
28300	28301	28301	28035	140.87
28400	28401	28401	28137	142.83
28500	28501	28501	28236	142.74
28600	28601	28601	28335	143.4
28700	28701	28701	28438	143.85
28800	28801	28801	28548	143.54
28900	28901	28901	28632	144.54
29000	29001	29001	28734	145.42
29100	29101	29101	28839	144.28
29200	29201	29201	28934	146.06
29300	29301	29301	29037	146.04
29400	29401	29401	29141	147.19
29500	29501	29501	29233	147.78
29600	29601	29601	29342	148.55
29700	29701	29701	29445	147.39
29800	29801	29801	29544	148.8
29900	29901	29901	29638	150.19
30000	30001	30001	29734	149.89
30100	30101	30101	29844	150.15
30200	30201	30201	29949	151.35
30300	30301	30301	30040	151.01
30400	30400	30400	30132	152.89
30500	30500	30500	30250	152.15
30600	30600	30600	30360	153.26
30700	30700	30700	30456	154.02
30800	30800	30800	30546	153.94
30900	30900	30900	30641	154.07
31000	31001	31001	30746	155.34
31100	31101	31101	30834	155.41
31200	31201	31201	30940	155.61
31300	31301	31301	31046	156.23
31400	31401	31401	31146	157.33
31500	31501	31501	31249	155.72
31600	31601	31601	31349	160.51
31700	31701	31701	31451	156.19
31800	31801	31801	31542	160.38
31900	31901	31901	31644	157.55
32000	32001	32001	31738	161.83
32100	32101	32101	31841	158.21
32200	32201	32201	31945	162.43
32300	32301	32301	32038	159.93
32400	32401	32401	32144	162.92
32500	32501	32501	32242	162.39
32600	32600	32600	32338	162.59
32700	32700	32700	32441	163.68
32800	32800	32800	32547	163.29
32900	32900	32900	32635	164.91
33000	33000	33000	32734	165.42
33100	33100	33100	32838	164.97
33200	33200	33200	32942	164.91
33300	33300	33300	33042	168.28
33400	33400	33400	33147	166.31
33500	33500	33500	33239	167.32
33600	33600	33600	33339	167.51
33700	33700	33700	33444	168.86
33800	33800	33800	33543	169.24
33900	33900	33900	33646	169.69
34000	34000	34000	33752	169.85
34100	34100	34100	33845	170.14
34200	34200	34200	33944	171.76
34300	34300	34300	34046	170.58
34400	34400	34400	34142	173.25
34500	34500	34500	34245	172.85
34600	34600	34600	34361	173.2
34700	34700	34700	34452	173.72
34800	34800	34800	34541	174.47
34900	34900	34900	34642	175.31
35000	35000	35000	34743	174.97
35100	35100	35100	34842	175.2
35200	35200	35200	34942	176.31
35300	35300	35300	35046	177.38
35400	35400	35400	35145	176.04
35500	35500	35500	35240	177.59
35600	35600	35600	35347	177.17
35700	35700	35700	35440	181.16
35800	35800	35800	35541	177.68
35900	35900	35900	35635	181.76
36000	36000	36000	35741	179.14
36100	36100	36100	35838	181.25
36200	36200	36200	35940	179.01
36300	36300	36300	36041	182.96
36400	36400	36400	36137	181.66
36500	36500	36500	36244	182.22
36600	36600	36600	36342	183.42
36700	36700	36700	36436	182.95
36800	36800	36800	36541	183.99
36900	36900	36900	36652	182.55
37000	37000	37000	36744	186.29
37100	37100	37100	36844	183.86
37200	37200	37200	36941	187.63
37300	37300	37300	37036	184.25
37400	37400	37400	37147	188.89
37500	37500	37500	37250	185.73
37600	37600	37600	37344	189.84
37700	37700	37700	37444	188.59
37800	37800	37800	37547	188.03
37900	37900	37900	37645	189.67
38000	38000	38000	37742	189.44
38100	38100	38100	37843	190.37
38200	38200	38200	37945	190.97
38300	38300	38300	38044	192.5
38400	38400	38400	38142	190.56
38500	38500	38500	38253	191.92
38600	38600	38600	38345	193.2
38700	38700	38700	38439	193.85
38800	38800	38800	38528	193.99
38900	38900	38900	38638	195.15
39000	39000	39000	38743	194.75
39100	39100	39100	38844	195.67
39200	39200	39200	38937	195.41
39300	39300	39300	39047	196.5
39400	39400	39400	39138	196.47
39500	39500	39500	39243	196.93
39600	39600	39600	39351	198.52
39700	39700	39700	39442	197.89
39800	39800	39800	39537	199.15
39900	39900	39900	39641	200.06
40000	40000	40000	39753	200.2
40100	40100	40100	39847	200.84
40200	40200	40200	39944	200.11
40300	40300	40300	40044	201.34
40400	40400	40400	40143	202.52
40500	40500	40500	40237	200.73
40600	40600	40600	40339	204.54
40700	40700	40700	40439	201.46
40800	40800	40800	40546	206.39
40900	40900	40900	40645	203.74
41000	41000	41000	40740	206.11
41100	41100	41100	40840	205.07
41200	41200	41200	40936	205.32
41300	41300	41300	41036	205.49
41400	41400	41400	41139	207.72
41500	41500	41500	41237	207.72
41600	41600	41600	41332	208.38
41700	41700	41700	41440	208.24
41800	41800	41800	41546	210.02
41900	41900	41900	41646	209.1
42000	42000	42000	41736	210.67
42100	42100	42100	41841	210.5
42200	42200	42200	41933	211.25
42300	42300	42300	42045	211.93
42400	42400	42400	42141	211.2
42500	42500	42500	42244	211.86
42600	42600	42600	42346	212.48
42700	42700	42700	42444	214.16
42800	42800	42800	42547	213.12
42900	42900	42900	42644	215.19
43000	43000	43000	42743	214.91
43100	43100	43100	42844	216.26
43200	43200	43200	42939	215.83
43300	43300	43300	43034	216.43
43400	43400	43400	43137	216.45
43500	43500	43500	43240	217.46
43600	43600	43600	43346	218.04
43700	43700	43700	43446	218.56
43800	43800	43800	43548	219.26
43900	43900	43900	43644	219.96
44000	44000	44000	43743	218.81
44100	44100	44100	43851	220.44
44200	44200	44200	43938	219.7
44300	44300	44300	44041	221.05
44400	44400	44400	44137	221.57
44500	44500	44500	44236	222.96
44600	44600	44600	44348	222.65
44700	44700	44700	44448	222.97
44800	44800	44800	44540	224.74
44900	44900	44900	44633	223.1
45000	45000	45000	44731	225.95
45100	45100	45100	44840	224.35
45200	45200	45200	44944	226.86
45300	45300	45300	45038	225.58
45400	45400	45400	45135	228.26
45500	45500	45500	45240	228.56
45600	45600	45600	45341	227.66
45700	45700	45700	45447	229.76
45800	45800	45800	45547	229.58
45900	45900	45900	45649	229.83
46000	46000	46000	45748	229.52
46100	46100	46100	45835	231.06
46200	46200	46200	45935	231.17
46300	46300	46300	46037	233.31
46400	46400	46400	46143	230.94
46500	46500	46500	46239	234.13
46600	46600	46600	46341	231.1
46700	46700	46700	46446	235.23
46800	46800	46800	46534	233.68
46900	46900	46900	46639	235.64
47000	47000	47000	46743	234.33
47100	47100	47100	46848	235.85
47200	47200	47200	46948	235.06
47300	47300	47300	47047	234.97
47400	47400	47400	47149	238.08
47500	47500	47500	47250	237.15
47600	47600	47600	47349	237.98
47700	47700	47700	47450	238.11
47800	47800	47800	47551	239.71
47900	47900	47900	47638	239.38
48000	48000	48000	47737	240
48100	48100	48100	47851	240.21
48200	48200	48200	47945	240
48300	48300	48300	48045	242.6
48400	48400	48400	48140	241
48500	48500	48500	48247	244.06
48600	48600	48600	48347	241.34
48700	48701	48701	48449	245.19
48800	48801	48801	48540	241.81
48900	48901	48901	48641	245.5
49000	49001	49001	48746	242.64
49100	49101	49101	48848	248.31
49200	49201	49201	48941	242.14
49300	49301	49301	49043	249.43
49400	49401	49401	49142	245.33
49500	49501	49501	49245	249.65
49600	49601	49601	49342	247.21
49700	49701	49701	49435	250.26
49800	49801	49801	49545	249.18
49900	49901	49901	49644	249.92
50000	50001	50001	49738	249.31
50100	50101	50101	49845	251.46
50200	50201	50201	49944	249.61
50300	50301	50301	50041	251.35
50400	50401	50401	50142	252.66
50500	50501	50501	50247	252.46
50600	50601	50601	50344	252.9
50700	50701	50701	50437	253.43
50800	50801	50801	50537	253.67
50900	50901	50901	50640	255
51000	51001	51001	50742	253.85
51100	51101	51101	50848	255.42
51200	51201	51201	50941	256.24
51300	51301	51301	51030	256.35
51400	51401	51401	51142	256.21
51500	51501	51501	51242	258.38
51600	51601	51601	51337	259.38
51700	51701	51701	51441	257.27
51800	51801	51801	51539	259.24
51900	51901	51901	51646	259.86
52000	52001	52001	51737	260.65
52100	52101	52101	51840	259.81
52200	52201	52201	51939	262.55
52300	52301	52301	52041	261.39
52400	52401	52401	52129	263.17
52500	52501	52501	52243	259.98
52600	52601	52601	52343	263.85
52700	52701	52701	52440	263.21
52800	52801	52801	52547	263.53
52900	52901	52901	52641	265.93
53000	53001	53001	52746	263.94
53100	53101	53101	52842	266.23
53200	53201	53201	52939	264.13
53300	53301	53301	53036	268.18
53400	53401	53401	53137	265.88
53500	53501	53501	53248	268.19
53600	53601	53601	53340	266.97
53700	53701	53701	53431	266.3
53800	53801	53801	53537	269.09
53900	53901	53901	53643	270.04
54000	54001	54001	53732	269.67
54100	54101	54101	53840	269.88
54200	54201	54201	53942	271.99
54300	54301	54301	54040	271.27
54400	54401	54401	54133	273.43
54500	54501	54501	54244	272.42
54600	54601	54601	54356	274.81
54700	54701	54701	54444	272.8
54800	54801	54801	54542	274.34
54900	54901	54901	54638	272.36
55000	55001	55001	54735	274.92
55100	55101	55101	54845	275.35
55200	55201	55201	54947	276.35
55300	55301	55301	55048	276.95
55400	55401	55401	55146	276.47
55500	55501	55501	55253	277.89
55600	55601	55601	55341	277.6
55700	55701	55701	55440	278.16
55800	55801	55801	55554	278.03
55900	55901	55901	55645	279.36
56000	56001	56001	55743	280.36
56100	56101	56101	55835	281.31
56200	56201	56201	55937	281.13
56300	56301	56301	56046	281.59
56400	56401	56401	56145	281.75
56500	56501	56501	56253	284.82
56600	56601	56601	56353	282.76
56700	56701	56701	56443	284.84
56800	56801	56801	56543	281.91
56900	56901	56901	56642	286.59
57000	57001	57001	56744	283.27
57100	57101	57101	56840	286.58
57200	57201	57201	56937	284.65
57300	57301	57301	57044	286.7
57400	57401	57401	57142	287.08
57500	57501	57501	57241	286.8
57600	57601	57601	57340	290.45
57700	57701	57701	57439	286.58
57800	57801	57801	57550	290.49
57900	57901	57901	57640	287.91
58000	58001	58001	57738	291.5
58100	58101	58101	57845	288.78
58200	58201	58201	57943	292.59
58300	58301	58301	58045	290.99
58400	58401	58401	58146	292.25
58500	58501	58501	58246	293.54
58600	58601	58601	58339	291.26
58700	58701	58701	58439	294.35
58800	58801	58801	58538	293.77
58900	58901	58901	58646	295.34
59000	59001	59001	58737	295.28
59100	59101	59101	58839	295.75
59200	59201	59201	58942	295.66
59300	59301	59301	59046	296.42
59400	59401	59401	59152	295.03
59500	59501	59501	59241	299.43
59600	59601	59601	59346	295.47
59700	59701	59701	59442	300.64
59800	59801	59801	59536	297.63
59900	59901	59901	59643	299.94
60000	60001	60001	59743	300.64
60100	60101	60101	59845	299.67
60200	60201	60201	59937	301.76
60300	60301	60301	60039	301.07
60400	60401	60401	60142	302.59
60500	60501	60501	60236	303.1
60600	60601	60601	60340	302.76
60700	60701	60701	60442	303.81
60800	60801	60801	60542	303.22
60900	60901	60901	60638	305.3
61000	61001	61001	60743	304.02
61100	61101	61101	60841	306.58
61200	61201	61201	60946	305.47
61300	61301	61301	61044	307.52
61400	61401	61401	61146	305.93
61500	61501	61501	61247	308.69
61600	61601	61601	61337	306.79
61700	61701	61701	61429	308.83
61800	61801	61801	61540	308.39
61900	61901	61901	61642	310.12
62000	62001	62001	61751	309.94
62100	62101	62101	61846	311.17
62200	62201	62201	61946	311.12
62300	62301	62301	62039	311.43
62400	62401	62401	62145	311.81
62500	62501	62501	62242	311.78
62600	62601	62601	62346	311.95
62700	62701	62701	62445	315.08
62800	62801	62801	62545	313.04
62900	62901	62901	62651	316.76
63000	63001	63001	62752	313.01
63100	63101	63101	62854	318.5
63200	63201	63201	62949	314.57
63300	63301	63301	63039	318.26
63400	63401	63401	63138	316.36
63500	63501	63501	63251	319.06
63600	63601	63601	63353	317.31
63700	63701	63701	63450	318.68
63800	63801	63801	63546	319.35
63900	63901	63901	63645	318.72
64000	64001	64001	63745	321.97
64100	64101	64101	63853	319.01
64200	64201	64201	63948	322.28
64300	64301	64301	64043	319.71
64400	64401	64401	64143	323
64500	64501	64501	64247	320.73
64600	64600	64600	64346	325.09
64700	64701	64700	64443	321.16
64800	64801	64801	64549	326.16
64900	64901	64901	64644	323.88
65000	65001	65001	64745	326.85
65100	65101	65101	64844	325.05
65200	65201	65201	64936	325.73
65300	65301	65301	65036	325.8
65400	65400	65400	65134	326.26
65500	65500	65500	65240	327.84
65600	65600	65600	65336	326.53
65700	65700	65700	65447	329.91
65800	65800	65800	65544	328.09
65900	65900	65900	65642	330.98
66000	66000	66000	65742	330.62
66100	66100	66100	65839	329.41
66200	66200	66200	65935	331.68
66300	66300	66300	66030	330.83
66400	66400	66400	66142	331.99
66500	66500	66500	66246	333.3
66600	66600	66600	66343	331.52
66700	66700	66700	66435	333.42
66800	66800	66800	66550	334.49
66900	66900	66900	66647	335.46
67000	67000	67000	66738	336.23
67100	67100	67100	66848	333.47
67200	67200	67200	66941	337.39
67300	67300	67300	67042	334.48
67400	67400	67400	67133	339.13
67500	67500	67500	67243	335.75
67600	67600	67600	67340	340.27
67700	67700	67700	67436	335.99
67800	67800	67800	67536	341.38
67900	67900	67900	67649	338.99
68000	68000	68000	67748	339.76
68100	68100	68100	67846	340.58
68200	68200	68200	67946	340.72
68300	68300	68300	68045	340.88
68400	68400	68400	68147	340.46
68500	68500	68500	68242	343.64
68600	68600	68600	68340	343.03
68700	68700	68700	68447	343.48
68800	68800	68800	68539	343.84
68900	68900	68900	68635	342.95
69000	69000	69000	68734	345.87
69100	69100	69100	68842	344.63
69200	69200	69200	68934	345.04
69300	69300	69300	69032	347.66
69400	69400	69400	69142	345.19
69500	69500	69500	69246	348.43
69600	69600	69600	69350	344.75
69700	69700	69700	69453	350.13
69800	69800	69800	69550	347.66
69900	69900	69900	69652	352.45
70000	70000	70000	69746	350.58
70100	70100	70100	69847	350.75
70200	70200	70200	69950	351.32
70300	70300	70300	70044	349.86
70400	70400	70400	70144	352.86
70500	70500	70500	70245	349.53
70600	70600	70600	70334	352.89
70700	70700	70700	70437	352.15
70800	70800	70800	70548	353.91
70900	70900	70900	70642	355.59
71000	71000	71000	70747	354.55
71100	71100	71100	70848	355.74
71200	71200	71200	70951	356.15
71300	71300	71300	71052	358.53
71400	71400	71400	71147	356.76
71500	71500	71500	71235	359.24
71600	71600	71600	71340	355.32
71700	71700	71700	71448	360.01
71800	71800	71800	71546	356.09
71900	71900	71900	71634	360.25
72000	72000	72000	71736	357.69
72100	72100	72100	71837	361.77
72200	72200	72200	71934	361.35
72300	72300	72300	72039	361.29
72400	72400	72400	72139	362.72
72500	72500	72500	72243	361.68
72600	72600	72600	72342	363.75
72700	72700	72700	72444	361.75
72800	72800	72800	72545	366.53
72900	72900	72900	72645	363.03
73000	73000	73000	72743	366.28
73100	73100	73100	72845	362.71
73200	73200	73200	72943	368.51
73300	73300	73300	73042	365.1
73400	73400	73400	73146	367.03
73500	73500	73500	73247	367.44
73600	73600	73600	73346	368.06
73700	73700	73700	73446	370.08
73800	73800	73800	73544	366.92
73900	73900	73900	73643	371.04
74000	74000	74000	73731	367.69
74100	74100	74100	73829	372.87
74200	74200	74200	73931	369.43
74300	74300	74300	74044	372.6
74400	74400	74400	74142	371.61
74500	74500	74500	74231	372.6
74600	74600	74600	74338	374.04
74700	74700	74700	74439	370.72
74800	74800	74800	74545	375.92
74900	74900	74900	74643	373.11
75000	75000	75000	74739	375.77
75100	75100	75100	74833	376.47
75200	75200	75200	74934	374.43
75300	75300	75300	75036	377.61
75400	75400	75400	75152	376.44
75500	75500	75500	75236	377.67
75600	75600	75600	75343	378.16
75700	75700	75700	75443	377.33
75800	75800	75800	75546	381.11
75900	75900	75900	75650	376.98
76000	76000	76000	75755	383.71
76100	76100	76100	75847	378.06
76200	76200	76200	75946	381.27
76300	76300	76300	76042	380.88
76400	76400	76400	76137	380.69
76500	76500	76500	76250	384.13
76600	76600	76600	76348	382.88
76700	76700	76700	76447	385.22
76800	76800	76800	76542	381.98
76900	76900	76900	76645	386.82
77000	77000	77000	76743	381.9
77100	77100	77100	76835	385.88
77200	77200	77200	76946	387.45
77300	77300	77300	77043	385.27
77400	77400	77400	77140	388.77
77500	77500	77500	77246	386.41
77600	77600	77600	77348	390.39
77700	77700	77700	77437	387.43
77800	77800	77800	77533	390.16
77900	77900	77900	77635	388.18
78000	78000	78000	77738	390.65
78100	78100	78100	77836	390.17
78200	78200	78200	77935	391.76
78300	78300	78300	78037	391.5
78400	78400	78400	78144	393.28
78500	78500	78500	78240	390.81
78600	78600	78600	78348	393.88
78700	78700	78700	78440	392.42
78800	78800	78800	78541	392.6
78900	78900	78900	78640	396.54
79000	79000	79000	78742	394.64
79100	79100	79100	78835	396.87
79200	79200	79200	78935	393.94
79300	79300	79300	79040	399.12
79400	79400	79400	79144	396.4
79500	79500	79500	79240	398.65
79600	79600	79600	79339	399.19
79700	79700	79700	79439	397.95
79800	79800	79800	79540	399.32
79900	79900	79900	79641	399.53
80000	80000	80000	79747	401.1
80100	80100	80100	79850	398.34
80200	80200	80200	79947	403.19
80300	80300	80300	80041	399.2
80400	80400	80400	80144	402.27
80500	80500	80500	80237	402.37
80600	80600	80600	80334	403.43
80700	80700	80700	80437	403.36
80800	80800	80800	80545	404.35
80900	80900	80900	80645	404.85
81000	81000	81000	80746	404.13
81100	81100	81100	80839	405.51
81200	81200	81200	80941	405.2
81300	81300	81300	81041	405.33
81400	81400	81400	81147	407.24
81500	81500	81500	81241	410.35
81600	81600	81600	81345	404.38
81700	81700	81700	81437	408.7
81800	81800	81800	81540	410.71
81900	81900	81900	81636	409.16
82000	82000	82000	81739	412.06
82100	82100	82100	81839	408.81
82200	82200	82200	81952	415.4
82300	82300	82300	82042	410.71
82400	82400	82400	82139	412.84
82500	82500	82500	82239	410.42
82600	82600	82600	82348	412.1
82700	82700	82700	82443	414.8
82800	82800	82800	82542	414.54
82900	82900	82900	82644	414.14
83000	83000	83000	82742	414.76
83100	83100	83100	82836	416.18
83200	83200	83200	82937	413.79
83300	83300	83300	83043	419
83400	83400	83400	83140	416.86
83500	83500	83500	83242	417.46
83600	83600	83600	83339	419.3
83700	83700	83700	83442	419.46
83800	83800	83800	83541	420.53
83900	83900	83900	83637	418.47
84000	84000	84000	83745	421.65
84100	84100	84100	83847	418.68
84200	84200	84200	83939	423.47
84300	84300	84300	84035	420.6
84400	84400	84400	84145	422.22
84500	84500	84500	84249	421.38
84600	84600	84600	84349	424.49
84700	84700	84700	84439	422.74
84800	84800	84800	84543	425.21
84900	84900	84900	84644	424.83
85000	85000	85000	84745	424.08
85100	85100	85100	84844	428.5
85200	85200	85200	84939	425.84
85300	85300	85300	85053	426.45
85400	85400	85400	85144	427.67
85500	85500	85500	85248	429.42
85600	85600	85600	85344	427.36
85700	85700	85700	85444	427.3
85800	85800	85800	85549	430.37
85900	85900	85900	85642	428.94
86000	86000	86000	85742	429.62
86100	86100	86100	85844	429.78
86200	86200	86200	85944	430.54
86300	86300	86300	86034	432.98
86400	86400	86400	86143	430.94
86500	86500	86500	86241	433.79
86600	86600	86600	86353	432.42
86700	86700	86700	86450	434.99
86800	86800	86800	86538	431.95
86900	86900	86900	86636	435.51
87000	87000	87000	86747	434.06
87100	87100	87100	86842	436.49
87200	87200	87200	86944	435.75
87300	87300	87300	87040	435.47
87400	87400	87400	87145	439.28
87500	87500	87500	87242	435.99
87600	87600	87600	87341	438.5
87700	87700	87700	87444	437.25
87800	87800	87800	87541	439.61
87900	87900	87900	87639	438.81
88000	88000	88000	87742	439.82
88100	88100	88100	87844	441.18
88200	88200	88200	87947	439.85
88300	88300	88300	88041	442.19
88400	88400	88400	88139	440.8
88500	88500	88500	88246	443.42
88600	88600	88600	88345	441.12
88700	88700	88700	88439	445.03
88800	88800	88800	88539	443.13
88900	88900	88900	88644	445.33
89000	89000	89000	88747	443.84
89100	89100	89100	88846	445.99
89200	89200	89200	88945	445.89
89300	89300	89300	89054	443.84
89400	89400	89400	89150	448.56
89500	89500	89500	89245	448.29
89600	89600	89600	89339	448.43
89700	89700	89700	89436	448.16
89800	89800	89800	89541	448.14
89900	89900	89900	89642	450.64
90000	90000	90000	89741	450.16
90100	90100	90100	89845	449.37
90200	90200	90200	89949	451.15
90300	90300	90300	90041	449.16
90400	90400	90400	90130	451.75
90500	90500	90500	90238	453.25
90600	90600	90600	90342	452.65
90700	90700	90700	90448	453.82
90800	90800	90800	90544	455.11
90900	90900	90900	90636	452.99
91000	91000	91000	90741	457.25
91100	91100	91100	90838	453.73
91200	91200	91200	90935	458.71
91300	91300	91300	91040	453.43
91400	91400	91400	91136	458.72
91500	91500	91500	91239	458.26
91600	91600	91600	91343	458.04
91700	91700	91700	91436	458.6
91800	91800	91800	91543	459.66
91900	91900	91900	91639	458.14
92000	92000	92000	91743	459.24
92100	92100	92100	91843	460.12
92200	92200	92200	91944	460.64
92300	92300	92300	92050	462.02
92400	92400	92400	92138	461.72
92500	92500	92500	92240	462.28
92600	92600	92600	92339	464.07
92700	92700	92700	92445	464.04
92800	92800	92800	92539	464.35
92900	92900	92900	92635	465.35
93000	93000	93000	92731	464.5
93100	93100	93100	92839	466.16
93200	93200	93200	92940	464.47
93300	93300	93300	93038	467.17
93400	93400	93400	93143	465.71
93500	93500	93500	93236	471.07
93600	93600	93600	93332	465.86
93700	93700	93700	93438	470.72
93800	93800	93800	93545	466.82
93900	93900	93900	93637	473.14
94000	94000	94000	93743	468.46
94100	94100	94100	93841	471.17
94200	94200	94200	93946	470.04
94300	94300	94300	94043	471.94
94400	94400	94400	94148	473.37
94500	94500	94500	94239	473.49
94600	94600	94600	94339	471.7
94700	94700	94700	94448	474.62
94800	94800	94800	94541	472.31
94900	94900	94900	94645	475.55
95000	95000	95000	94740	474.81
95100	95100	95100	94835	475.81
95200	95200	95200	94935	475.32
95300	95300	95300	95042	477.68
95400	95400	95400	95137	476.98
95500	95500	95500	95236	477.77
95600	95600	95600	95338	478.31
95700	95700	95700	95442	479.6
95800	95800	95800	95542	477.77
95900	95900	95900	95649	481.25
96000	96000	96000	95746	477.9
96100	96100	96100	95844	483.63
96200	96200	96200	95948	477.27
96300	96300	96300	96037	483.22
96400	96400	96400	96141	482.7
96500	96500	96500	96244	483.16
96600	96600	96600	96339	483.7
96700	96700	96700	96438	480.45
96800	96800	96800	96545	487.06
96900	96900	96900	96640	482.63
97000	97000	97000	96748	485.56
97100	97100	97100	96849	486.04
97200	97200	97200	96951	485.44
97300	97300	97300	97045	488.55
97400	97400	97400	97146	487.6
97500	97500	97500	97244	487.88
97600	97600	97600	97347	488.84
97700	97700	97700	97447	487.63
97800	97800	97800	97548	490.91
97900	97900	97900	97642	488.11
98000	98000	98000	97739	490.43
98100	98100	98100	97835	489.53
98200	98200	98200	97940	493.22
98300	98300	98300	98044	489.86
98400	98401	98400	98151	494.73
98500	98501	98501	98248	491.14
98600	98600	98600	98337	494.83
98700	98700	98700	98436	489.67
98800	98800	98800	98541	496.58
98900	98900	98900	98649	492.19
99000	99000	99000	98740	498.52
99100	99100	99100	98840	492.76
99200	99200	99200	98950	498.65
99300	99300	99300	99046	494.6
99400	99400	99400	99140	499.28
99500	99500	99500	99245	496.38
99600	99600	99600	99349	498.79
99700	99700	99700	99450	497.98
99800	99800	99800	99547	497.57
99900	99900	99900	99646	502.26
100000	100000	100000	99735	495.95
