time	clients	active	ids	slots
1000	100	100	173	0.5
2000	200	200	274	1.04
3000	301	301	374	1.42
4000	400	400	474	2.16
5000	501	501	575	2.41
6000	601	601	673	3.05
7000	701	700	774	3.59
8000	801	801	872	3.96
9000	900	900	973	4.63
10000	1001	1001	1073	4.93
11000	1101	1101	1174	5.38
12000	1201	1201	1272	5.96
13000	1301	1301	1372	6.22
14000	1401	1401	1472	7.06
15000	1501	1501	1574	7.33
16000	1601	1601	1671	7.9
17000	1701	1701	1773	8.84
18000	1801	1801	1873	9.17
19000	1900	1900	1974	9.26
20000	2000	2000	2073	10.01
21000	2100	2100	2172	10.66
22000	2201	2201	2272	11.09
23000	2300	2300	2375	11.13
24000	2400	2400	2472	12.54
25000	2500	2500	2572	12.49
26000	2600	2600	2675	12.76
27000	2700	2700	2771	13.7
28000	2800	2800	2871	14.07
29000	2900	2900	2972	14.26
30000	3000	3000	3073	14.85
31000	3100	3100	3174	15.36
32000	3201	3201	3274	16.04
33000	3301	3301	3373	16.77
34000	3400	3400	3474	17.77
35000	3500	3500	3573	17.3
36000	3601	3600	3673	18.09
37000	3701	3701	3773	18.53
38000	3801	3801	3874	18.87
39000	3901	3901	3975	18.88
40000	4000	4000	4074	20.68
41000	4100	4100	4173	20.48
42000	4200	4200	4272	20.71
43000	4300	4300	4372	21.46
44000	4400	4400	4474	22.68
45000	4500	4500	4573	22.25
46000	4600	4600	4674	22.57
47000	4700	4700	4773	23.74
48000	4800	4800	4873	24.77
49000	4900	4900	4973	24.81
50000	5000	5000	5073	24.78
51000	5100	5100	5173	25.42
52000	5200	5200	5275	26.1
53000	5300	5300	5373	26.99
54000	5401	5401	5472	27.15
55000	5501	5501	5573	27.22
56000	5601	5601	5673	28.08
57000	5701	5701	5773	28.74
58000	5801	5801	5873	29.44
59000	5901	5901	5974	29.35
60000	6001	6001	6073	30.12
61000	6101	6101	6172	30.2
62000	6201	6201	6275	31.26
63000	6301	6301	6372	30.79
64000	6401	6401	6473	31.91
65000	6501	6501	6574	32.17
66000	6601	6601	6674	32.72
67000	6701	6701	6772	33.52
68000	6801	6801	6874	34.02
69000	6901	6901	6973	35.05
70000	7001	7001	7073	34.65
71000	7101	7101	7173	35.86
72000	7201	7201	7274	35.96
73000	7301	7301	7374	36.99
74000	7401	7401	7472	37.57
75000	7501	7501	7573	37.52
76000	7601	7601	7673	38.23
77000	7701	7701	7773	39.21
78000	7801	7801	7873	39.56
79000	7901	7901	7974	39.15
80000	8000	8000	8074	40.45
81000	8100	8100	8174	40.8
82000	8200	8200	8274	41.34
83000	8300	8300	8374	41.13
84000	8400	8400	8473	42.36
85000	8501	8501	8573	43
86000	8601	8601	8672	42.41
87000	8700	8700	8774	43.05
88000	8800	8800	8871	44.38
89000	8900	8900	8973	44.77
90000	9000	9000	9072	45.36
91000	9100	9100	9175	46.14
92000	9200	9200	9275	46.9
93000	9300	9300	9375	46.47
94000	9400	9400	9473	46.71
95000	9501	9500	9575	47.58
96000	9601	9601	9672	48.14
97000	9701	9701	9773	48.57
98000	9801	9801	9872	49.9
99000	9901	9901	9973	49.06
100000	10001	10001	10075	49.9
101000	10101	10101	10174	51.58
102000	10201	10201	10274	51.38
103000	10301	10301	10373	51.29
104000	10401	10401	10473	52.39
105000	10501	10501	10574	52.38
106000	10601	10601	10674	53.13
107000	10701	10701	10772	53.6
108000	10801	10801	10874	54.93
109000	10901	10901	10974	54.03
110000	11001	11001	11073	54.31
111000	11101	11101	11172	55
112000	11201	11201	11275	56.36
113000	11301	11301	11375	56.16
114000	11401	11401	11474	56.56
115000	11501	11501	11574	57.85
116000	11601	11601	11674	57.65
117000	11701	11701	11774	58.63
118000	11801	11801	11871	58.82
119000	11901	11901	11974	59.96
120000	12001	12001	12073	60.78
121000	12101	12101	12173	60.6
122000	12201	12201	12274	61.54
123000	12301	12301	12373	61.42
124000	12401	12401	12473	62.35
125000	12501	12501	12573	62.68
126000	12601	12601	12673	62.39
127000	12701	12701	12774	63.65
128000	12801	12801	12874	63.99
129000	12901	12901	12974	64.56
130000	13001	13001	13074	64.37
131000	13101	13101	13174	65.57
132000	13201	13201	13273	66.89
133000	13301	13301	13374	67.08
134000	13401	13401	13471	67.03
135000	13501	13501	13574	67.5
136000	13601	13601	13673	67.2
137000	13701	13701	13773	67.67
138000	13801	13801	13871	68.5
139000	13901	13901	13974	69.13
140000	14001	14001	14073	70.45
141000	14101	14101	14175	69.84
142000	14201	14201	14273	71.31
143000	14301	14301	14375	72.17
144000	14401	14401	14473	71.05
145000	14501	14501	14572	71.97
146000	14601	14601	14674	73.47
147000	14701	14701	14774	73.66
148000	14801	14801	14874	73.85
149000	14901	14901	14974	75.07
150000	15001	15001	15074	74.62
151000	15101	15101	15174	75.61
152000	15201	15201	15272	75.56
153000	15301	15301	15372	76.53
154000	15401	15401	15472	77.76
155000	15501	15501	15574	77.02
156000	15601	15601	15673	76.07
157000	15701	15701	15774	79.59
158000	15801	15801	15873	79.14
159000	15901	15901	15974	78.88
160000	16001	16001	16072	79.16
161000	16101	16101	16172	80.16
162000	16200	16200	16273	80.95
163000	16300	16300	16373	82.12
164000	16400	16400	16475	81.44
165000	16500	16500	16574	81.92
166000	16600	16600	16673	82.67
167000	16700	16700	16773	82.07
168000	16800	16800	16872	82.96
169000	16900	16900	16973	84.26
170000	17000	17000	17074	84.46
171000	17100	17100	17173	85.8
172000	17201	17201	17274	86.75
173000	17301	17301	17371	86.06
174000	17401	17401	17471	87.1
175000	17501	17501	17574	87.54
176000	17601	17601	17674	87.48
177000	17701	17701	17773	87.97
178000	17801	17801	17872	88.74
179000	17901	17901	17974	88.96
180000	18001	18001	18072	90.3
181000	18101	18101	18174	90.75
182000	18200	18200	18273	90.98
183000	18300	18300	18373	92.23
184000	18400	18400	18471	91.83
185000	18500	18500	18574	90.49
186000	18600	18600	18675	93.36
187000	18700	18700	18773	93.74
188000	18800	18800	18873	94.4
189000	18900	18900	18973	93.99
190000	19000	19000	19073	96.99
191000	19100	19100	19174	95.27
192000	19200	19200	19274	96.62
193000	19300	19300	19373	97.18
194000	19400	19400	19473	97.11
195000	19500	19500	19573	98.3
196000	19600	19600	19674	99.77
197000	19700	19700	19773	98.08
198000	19800	19800	19873	99.7
199000	19900	19900	19973	98.94
200000	20000	20000	20075	101.19
201000	20100	20100	20172	99.89
202000	20200	20200	20275	102.42
203000	20300	20300	20374	101.87
204000	20400	20400	20475	101.99
205000	20500	20500	20574	102.74
206000	20600	20600	20674	103.29
207000	20700	20700	20774	103.05
208000	20800	20800	20875	103.33
209000	20900	20900	20972	103.94
210000	21000	21000	21074	105.3
211000	21100	21100	21174	104.85
212000	21200	21200	21274	104.74
213000	21300	21300	21374	107.19
214000	21400	21400	21472	106.29
215000	21500	21500	21573	107.13
216000	21600	21600	21672	107.65
217000	21700	21700	21774	108.29
218000	21800	21800	21872	107.81
219000	21900	21900	21974	108.93
220000	22000	22000	22073	110.05
221000	22100	22100	22173	109.21
222000	22200	22200	22271	111.32
223000	22300	22300	22374	111.59
224000	22400	22400	22472	111.66
225000	22500	22500	22574	111.38
226000	22600	22600	22674	114.36
227000	22700	22700	22775	113.97
228000	22800	22800	22873	114.73
229000	22900	22900	22974	113.53
230000	23000	23000	23072	115.49
231000	23100	23100	23173	114.81
232000	23200	23200	23275	116.8
233000	23300	23300	23374	116.23
234000	23400	23400	23474	117.02
235000	23500	23500	23574	116.85
236000	23600	23600	23672	117.85
237000	23700	23700	23774	118.88
238000	23800	23800	23872	117.02
239000	23900	23900	23972	118.64
240000	24000	24000	24074	120.14
241000	24100	24100	24174	121.23
242000	24200	24200	24272	120.56
243000	24300	24300	24373	120.45
244000	24400	24400	24474	121.26
245000	24500	24500	24575	121.76
246000	24600	24600	24673	123.54
247000	24700	24700	24773	121.73
248000	24800	24800	24872	124.58
249000	24900	24900	24972	123.42
250000	25000	25000	25074	125.89
251000	25100	25100	25175	125.68
252000	25201	25201	25273	125.88
253000	25301	25301	25374	126
254000	25401	25401	25474	127.38
255000	25501	25501	25573	128.07
256000	25600	25600	25672	127.7
257000	25700	25700	25774	128.76
258000	25800	25800	25872	129.63
259000	25900	25900	25972	130.56
260000	26000	26000	26072	129.33
261000	26100	26100	26173	131.38
262000	26200	26200	26273	131.18
263000	26300	26300	26374	131.81
264000	26400	26400	26473	132.92
265000	26500	26500	26571	130.94
266000	26600	26600	26673	132.8
267000	26700	26700	26774	133.02
268000	26800	26800	26874	133.99
269000	26900	26900	26974	133.95
270000	27000	27000	27074	134.16
271000	27100	27100	27173	137.03
272000	27200	27200	27274	135.09
273000	27300	27300	27374	137.05
274000	27400	27400	27472	137.23
275000	27500	27500	27572	138.71
276000	27600	27600	27674	139.46
277000	27700	27700	27774	137.92
278000	27800	27800	27873	139.22
279000	27900	27900	27973	138.62
280000	28000	28000	28075	139.71
281000	28100	28100	28174	138.2
282000	28200	28200	28273	141.19
283000	28300	28300	28372	141.35
284000	28400	28400	28473	143.58
285000	28500	28500	28574	142.94
286000	28600	28600	28673	143.44
287000	28700	28700	28772	143.26
288000	28800	28800	28873	143.44
289000	28900	28900	28973	146.03
290000	29000	29000	29074	143.49
291000	29100	29100	29173	146.42
292000	29200	29200	29274	146.55
293000	29300	29300	29373	146.4
294000	29401	29401	29474	146.4
295000	29501	29501	29573	145.88
296000	29601	29601	29673	148.65
297000	29701	29701	29771	147.26
298000	29801	29801	29872	149.32
299000	29901	29901	29975	149.1
300000	30001	30001	30073	151.21
301000	30101	30101	30173	150.19
302000	30201	30201	30274	150.75
303000	30301	30301	30374	153.02
304000	30401	30401	30472	151.33
305000	30501	30501	30574	152.26
306000	30601	30601	30674	152.13
307000	30701	30701	30772	152.89
308000	30801	30801	30873	154.32
309000	30901	30901	30975	155.12
310000	31001	31001	31075	154.44
311000	31101	31101	31174	155.03
312000	31201	31201	31272	155.7
313000	31301	31301	31373	157.64
314000	31401	31401	31474	155.22
315000	31501	31501	31573	158.13
316000	31601	31601	31675	156.99
317000	31701	31701	31774	159.3
318000	31801	31801	31873	159.09
319000	31901	31901	31973	158.63
320000	32001	32001	32073	160.97
321000	32101	32101	32174	161.29
322000	32201	32201	32275	159.44
323000	32301	32301	32373	161.98
324000	32401	32401	32473	160.49
325000	32501	32501	32574	161.21
326000	32600	32600	32673	163.54
327000	32700	32700	32773	163.68
328000	32800	32800	32872	164.83
329000	32900	32900	32974	163.5
330000	33000	33000	33075	165.28
331000	33100	33100	33175	165.25
332000	33200	33200	33273	165.56
333000	33300	33300	33375	166.91
334000	33400	33400	33473	165.28
335000	33500	33500	33573	166.08
336000	33600	33600	33674	167.75
337000	33700	33700	33773	167
338000	33800	33800	33873	167.74
339000	33900	33900	33974	170.58
340000	34000	34000	34072	169.93
341000	34100	34100	34173	171.67
342000	34200	34200	34271	171.17
343000	34300	34300	34374	170.73
344000	34400	34400	34474	172.36
345000	34500	34500	34573	172.07
346000	34600	34600	34675	172.81
347000	34700	34700	34774	173.03
348000	34800	34800	34874	174.35
349000	34900	34900	34973	174.26
350000	35000	35000	35073	174.16
351000	35100	35100	35173	174.07
352000	35200	35200	35273	176.46
353000	35300	35300	35374	176.61
354000	35400	35400	35475	175.3
355000	35500	35500	35573	178.54
356000	35600	35600	35674	178.58
357000	35700	35700	35773	176.43
358000	35800	35800	35873	180.52
359000	35900	35900	35972	179.98
360000	36000	36000	36075	180.46
361000	36100	36100	36173	180.25
362000	36200	36200	36273	181.53
363000	36300	36300	36373	181.65
364000	36400	36400	36474	182.54
365000	36500	36500	36574	183.76
366000	36600	36600	36674	183.27
367000	36700	36700	36774	184.9
368000	36800	36800	36872	184.02
369000	36900	36900	36974	182.7
370000	37000	37000	37073	185.68
371000	37100	37100	37172	186.51
372000	37200	37200	37273	188.1
373000	37300	37300	37372	185.03
374000	37400	37400	37474	188.86
375000	37500	37500	37572	186.29
376000	37600	37600	37673	188.85
377000	37700	37700	37772	189.12
378000	37800	37800	37872	188.92
379000	37900	37900	37973	189.71
380000	38000	38000	38074	190.65
381000	38100	38100	38174	191.47
382000	38200	38200	38272	189.24
383000	38300	38300	38375	190.18
384000	38400	38400	38473	192.49
385000	38500	38500	38573	192.59
386000	38600	38600	38672	191.57
387000	38700	38700	38774	192.71
388000	38800	38800	38873	194.14
389000	38900	38900	38973	195.1
390000	39000	39000	39072	193.94
391000	39100	39100	39173	195.19
392000	39200	39200	39273	195.88
393000	39300	39300	39372	197.26
394000	39400	39400	39474	196.66
395000	39500	39500	39573	197.6
396000	39600	39600	39672	198.21
397000	39700	39700	39773	200.09
398000	39800	39800	39872	197.64
399000	39900	39900	39972	200.56
400000	40000	40000	40072	200.86
401000	40100	40100	40175	199.58
402000	40200	40200	40273	202.05
403000	40300	40300	40373	203.14
404000	40400	40400	40472	202.67
405000	40500	40500	40575	204.15
406000	40600	40600	40673	202.46
407000	40700	40700	40772	202.5
408000	40800	40800	40874	204.38
409000	40900	40900	40974	203.58
410000	41000	41000	41073	205.22
411000	41100	41100	41173	205.49
412000	41200	41200	41274	204.83
413000	41300	41300	41376	206.31
414000	41400	41400	41472	206.44
415000	41500	41500	41572	208.39
416000	41600	41600	41673	208.37
417000	41700	41700	41774	208.5
418000	41800	41800	41873	209.31
419000	41900	41900	41972	209.76
420000	42000	42000	42073	210.99
421000	42100	42100	42172	210.18
422000	42200	42200	42274	211.09
423000	42300	42300	42373	210.55
424000	42400	42400	42474	210.84
425000	42500	42500	42573	211.7
426000	42600	42600	42673	212.9
427000	42701	42700	42776	214.83
428000	42801	42801	42875	212.71
429000	42901	42901	42974	213.92
430000	43001	43001	43072	215.23
431000	43101	43101	43172	215.02
432000	43201	43201	43272	216.3
433000	43301	43301	43374	215.87
434000	43401	43401	43473	218.56
435000	43501	43501	43573	217.79
436000	43600	43600	43671	217.85
437000	43700	43700	43774	217.73
438000	43800	43800	43873	219.83
439000	43900	43900	43973	219.74
440000	44000	44000	44073	220.23
441000	44100	44100	44173	219.31
442000	44200	44200	44272	221.63
443000	44300	44300	44373	220.55
444000	44400	44400	44473	221.01
445000	44500	44500	44573	222.94
446000	44600	44600	44674	224.56
447000	44700	44700	44774	225.16
448000	44800	44800	44875	224.29
449000	44900	44900	44974	223.1
450000	45000	45000	45075	222.85
451000	45100	45100	45173	227.03
452000	45200	45200	45274	226.66
453000	45300	45300	45374	227.15
454000	45400	45400	45473	227.29
455000	45500	45500	45573	227.36
456000	45600	45600	45675	226.26
457000	45701	45700	45774	228.01
458000	45801	45801	45873	228.85
459000	45901	45901	45973	229.58
460000	46001	46001	46073	228.08
461000	46101	46101	46172	230.59
462000	46201	46201	46272	229.93
463000	46301	46301	46373	232.14
464000	46401	46401	46472	233.33
465000	46501	46501	46573	232.37
466000	46601	46601	46673	233.76
467000	46701	46701	46773	232.96
468000	46801	46801	46872	233.31
469000	46901	46901	46974	236.23
470000	47001	47001	47073	234.45
471000	47101	47101	47173	235.28
472000	47201	47201	47273	235.53
473000	47301	47301	47373	234.64
474000	47401	47401	47472	238.09
475000	47501	47501	47575	238.06
476000	47601	47601	47673	237.76
477000	47701	47701	47774	240.11
478000	47801	47801	47874	238.49
479000	47901	47901	47973	238.54
480000	48001	48001	48073	238.89
481000	48101	48101	48173	240.62
482000	48201	48201	48273	243.11
483000	48301	48301	48374	242.58
484000	48401	48401	48473	242.39
485000	48501	48501	48572	240.98
486000	48601	48601	48674	242.03
487000	48701	48701	48773	244.93
488000	48801	48801	48875	244.04
489000	48901	48901	48973	242.53
490000	49001	49001	49073	247.29
491000	49101	49101	49172	247.24
492000	49201	49201	49275	245.61
493000	49301	49301	49373	245.34
494000	49401	49401	49474	246.6
495000	49501	49501	49573	247.79
496000	49601	49601	49674	249.81
497000	49701	49701	49774	249.79
498000	49801	49801	49872	245.93
499000	49901	49901	49975	249.53
500000	50001	50001	50073	249.83
501000	50101	50101	50173	250.56
502000	50201	50201	50273	251.55
503000	50301	50301	50373	252.55
504000	50401	50401	50473	252.57
505000	50501	50501	50575	252.98
506000	50601	50601	50672	254.19
507000	50701	50701	50773	252.93
508000	50801	50801	50873	254.22
509000	50901	50901	50974	253.94
510000	51001	51001	51072	254.3
511000	51101	51101	51173	256.2
512000	51201	51201	51274	256.87
513000	51301	51301	51374	256.58
514000	51401	51401	51473	255.98
515000	51501	51501	51573	257.17
516000	51601	51601	51674	258.24
517000	51701	51701	51775	258.55
518000	51801	51801	51873	258.66
519000	51901	51901	51975	258.52
520000	52001	52001	52072	260.76
521000	52101	52101	52174	259.52
522000	52201	52201	52273	259.96
523000	52301	52301	52374	263.97
524000	52401	52401	52473	263.23
525000	52501	52501	52573	264.41
526000	52601	52601	52674	262.55
527000	52701	52701	52773	262.75
528000	52801	52801	52874	263.17
529000	52901	52901	52972	264.78
530000	53001	53001	53072	264.76
531000	53101	53101	53174	264.9
532000	53201	53201	53274	264.93
533000	53301	53301	53374	266.24
534000	53401	53401	53474	268.17
535000	53501	53501	53573	266.48
536000	53601	53601	53673	269.4
537000	53701	53701	53772	266.48
538000	53801	53801	53874	268.87
539000	53901	53901	53974	269.58
540000	54001	54001	54073	271.02
541000	54101	54101	54173	271.75
542000	54201	54201	54274	270.92
543000	54301	54301	54372	271.11
544000	54401	54401	54473	271.15
545000	54501	54501	54574	271.45
546000	54601	54601	54674	273.4
547000	54701	54701	54774	270.54
548000	54801	54801	54873	273.63
549000	54901	54901	54973	275.31
550000	55001	55001	55073	272.97
551000	55101	55101	55173	276.28
552000	55201	55201	55272	277.13
553000	55301	55301	55375	274.95
554000	55401	55401	55473	276.61
555000	55501	55501	55574	277.86
556000	55601	55601	55674	278.06
557000	55701	55701	55772	278.02
558000	55801	55801	55873	277.27
559000	55901	55901	55972	279.67
560000	56001	56001	56074	281.09
561000	56101	56101	56173	280.7
562000	56201	56201	56273	279.5
563000	56301	56301	56373	279.85
564000	56401	56401	56474	281.5
565000	56501	56501	56573	281.88
566000	56601	56601	56673	282.12
567000	56701	56701	56772	282.2
568000	56801	56801	56875	282.98
569000	56901	56901	56972	283.66
570000	57001	57001	57073	285.09
571000	57101	57101	57173	283.85
572000	57201	57201	57274	286.51
573000	57301	57301	57374	288.34
574000	57401	57401	57473	287.15
575000	57501	57501	57572	286.48
576000	57601	57601	57675	288.98
577000	57701	57701	57773	287.46
578000	57801	57801	57872	289.44
579000	57901	57901	57974	290.58
580000	58001	58001	58074	288.47
581000	58101	58101	58173	288.52
582000	58201	58201	58274	293.19
583000	58301	58301	58373	291.78
584000	58401	58401	58473	292.43
585000	58501	58501	58573	292.41
586000	58601	58601	58672	293.4
587000	58701	58701	58772	293.07
588000	58801	58801	58873	296.49
589000	58901	58901	58972	294.71
590000	59001	59001	59074	294.73
591000	59101	59101	59172	294.87
592000	59201	59201	59273	293.01
593000	59301	59301	59374	298.8
594000	59401	59401	59475	296.93
595000	59501	59501	59573	300.33
596000	59601	59601	59674	300.58
597000	59701	59701	59773	298.41
598000	59801	59801	59871	299.45
599000	59901	59901	59973	300.51
600000	60001	60001	60074	300.47
601000	60101	60101	60173	300.43
602000	60201	60201	60273	302.26
603000	60301	60301	60374	300.99
604000	60401	60401	60473	301.63
605000	60501	60501	60573	301.19
606000	60601	60601	60673	303.18
607000	60701	60701	60774	302.45
608000	60801	60801	60872	303.42
609000	60901	60901	60973	304.1
610000	61001	61001	61074	306.03
611000	61101	61101	61175	303.46
612000	61201	61201	61275	307.36
613000	61301	61301	61373	306.58
614000	61401	61401	61475	307.85
615000	61501	61501	61574	305.85
616000	61601	61601	61673	309.25
617000	61701	61701	61773	305.68
618000	61801	61801	61873	309.41
619000	61901	61901	61973	310.29
620000	62001	62001	62074	308.98
621000	62101	62101	62172	310.08
622000	62201	62201	62274	311.5
623000	62301	62301	62374	309.88
624000	62401	62401	62473	313.01
625000	62501	62501	62575	312.02
626000	62601	62601	62673	312.15
627000	62701	62701	62774	313.61
628000	62801	62801	62874	314.54
629000	62901	62901	62973	317.84
630000	63001	63001	63072	315.9
631000	63101	63101	63174	315.55
632000	63201	63201	63274	316.01
633000	63301	63301	63372	318
634000	63401	63401	63473	318.05
635000	63501	63501	63574	318.39
636000	63601	63601	63673	319.94
637000	63701	63701	63773	319.07
638000	63801	63801	63872	319.58
639000	63901	63901	63973	320.79
640000	64001	64001	64076	320.52
641000	64101	64101	64174	321.18
642000	64201	64201	64274	320.69
643000	64301	64301	64373	322.18
644000	64401	64401	64474	323.34
645000	64501	64501	64573	322.65
646000	64601	64601	64674	322.93
647000	64701	64701	64772	320.89
648000	64801	64801	64874	323.6
649000	64901	64901	64972	326.82
650000	65001	65001	65074	323.33
651000	65101	65101	65173	325.24
652000	65201	65201	65273	325.75
653000	65301	65301	65374	327.22
654000	65400	65400	65474	327.47
655000	65500	65500	65573	325.71
656000	65600	65600	65673	329.65
657000	65700	65700	65774	329.55
658000	65800	65800	65874	330.05
659000	65900	65900	65974	328.12
660000	66000	66000	66076	330.46
661000	66101	66100	66174	330.41
662000	66201	66201	66274	331.83
663000	66301	66301	66374	330.88
664000	66401	66401	66474	330.92
665000	66501	66501	66574	332.79
666000	66601	66601	66672	333.55
667000	66700	66700	66773	333.16
668000	66800	66800	66873	334.3
669000	66900	66900	66973	332.9
670000	67000	67000	67074	336
671000	67100	67100	67173	337.2
672000	67200	67200	67275	339.46
673000	67300	67300	67372	333.99
674000	67400	67400	67474	338.76
675000	67500	67500	67574	338.51
676000	67600	67600	67672	335.83
677000	67700	67700	67775	335.37
678000	67800	67800	67875	337.81
679000	67900	67900	67974	337.55
680000	68000	68000	68073	340.37
681000	68100	68100	68172	340.31
682000	68200	68200	68274	341.04
683000	68300	68300	68373	342.12
684000	68400	68400	68474	342.2
685000	68500	68500	68573	343.27
686000	68600	68600	68674	343.88
687000	68700	68700	68773	342.39
688000	68800	68800	68874	343.39
689000	68900	68900	68973	344.05
690000	69001	69001	69074	345.37
691000	69101	69101	69173	346.54
692000	69200	69200	69274	345.76
693000	69301	69301	69374	347.27
694000	69401	69401	69472	344.33
695000	69501	69501	69574	348.46
696000	69601	69601	69673	348.68
697000	69701	69701	69773	349.41
698000	69801	69801	69873	349.69
699000	69901	69901	69973	346.27
700000	70001	70001	70072	349.78
701000	70101	70101	70173	349.24
702000	70201	70201	70274	349.11
703000	70301	70301	70373	350.36
704000	70401	70401	70474	352.26
705000	70501	70501	70573	353.63
706000	70601	70601	70675	352.93
707000	70701	70701	70774	351.72
708000	70801	70801	70873	355.13
709000	70901	70901	70973	356.38
710000	71001	71001	71073	352.32
711000	71101	71101	71175	357.94
712000	71201	71201	71272	357.77
713000	71301	71301	71374	355.94
714000	71401	71401	71472	356.99
715000	71501	71501	71574	358.16
716000	71601	71601	71674	356.6
717000	71701	71701	71773	357.61
718000	71801	71801	71873	359.11
719000	71901	71901	71972	358.39
720000	72001	72001	72072	360.74
721000	72101	72101	72176	359.71
722000	72201	72201	72272	360.91
723000	72301	72301	72371	362.37
724000	72401	72401	72474	359.63
725000	72501	72501	72572	362.89
726000	72601	72601	72674	364.17
727000	72701	72701	72773	364.39
728000	72801	72801	72874	362.51
729000	72901	72901	72973	364.07
730000	73001	73001	73073	365.31
731000	73101	73101	73173	365.75
732000	73201	73201	73272	364.5
733000	73301	73301	73372	367.17
734000	73401	73401	73473	367.77
735000	73501	73501	73572	367.52
736000	73600	73600	73672	367.67
737000	73700	73700	73773	369.02
738000	73800	73800	73874	367.8
739000	73900	73900	73973	371.19
740000	74000	74000	74073	373.12
741000	74100	74100	74173	369.15
742000	74200	74200	74273	372.64
743000	74300	74300	74374	370.03
744000	74400	74400	74474	374.91
745000	74500	74500	74573	371.61
746000	74600	74600	74672	371.52
747000	74700	74700	74773	372.42
748000	74800	74800	74872	375.05
749000	74900	74900	74973	374.68
750000	75000	75000	75074	375.91
751000	75100	75100	75174	375
752000	75200	75200	75272	376.7
753000	75300	75300	75373	376.65
754000	75400	75400	75473	374.88
755000	75500	75500	75575	378.01
756000	75600	75600	75673	376.82
757000	75700	75700	75774	379.59
758000	75800	75800	75873	378.29
759000	75900	75900	75973	379.29
760000	76000	76000	76074	380.91
761000	76100	76100	76174	380.54
762000	76200	76200	76274	379.61
763000	76300	76300	76373	383.04
764000	76400	76400	76474	382.66
765000	76500	76500	76573	383.22
766000	76600	76600	76674	382.42
767000	76700	76700	76772	383.18
768000	76800	76800	76872	385.44
769000	76900	76900	76973	382.14
770000	77000	77000	77073	386.65
771000	77100	77100	77174	386.7
772000	77200	77200	77275	387.33
773000	77300	77300	77374	385.35
774000	77400	77400	77474	387.13
775000	77500	77500	77571	383.91
776000	77600	77600	77673	387.79
777000	77700	77700	77774	387.5
778000	77800	77800	77872	390.78
779000	77900	77900	77972	388.35
780000	78000	78000	78076	390.94
781000	78100	78100	78174	390.03
782000	78200	78200	78274	389.88
783000	78300	78300	78375	391.38
784000	78400	78400	78474	390.16
785000	78500	78500	78573	392.98
786000	78600	78600	78673	394.77
787000	78700	78700	78773	396.71
788000	78800	78800	78873	393.03
789000	78900	78900	78974	396.94
790000	79000	79000	79073	397.55
791000	79100	79100	79172	393.22
792000	79200	79200	79272	396.08
793000	79300	79300	79374	396
794000	79400	79400	79475	397.62
795000	79500	79500	79574	394.85
796000	79600	79600	79673	399.43
797000	79700	79700	79772	397.57
798000	79800	79800	79875	400.74
799000	79900	79900	79974	398.05
800000	80000	80000	80073	398.8
801000	80100	80100	80173	400.74
802000	80200	80200	80275	401.06
803000	80300	80300	80374	401.26
804000	80400	80400	80474	402.25
805000	80500	80500	80575	403.27
806000	80600	80600	80674	400.62
807000	80700	80700	80773	402.29
808000	80800	80800	80873	406.31
809000	80900	80900	80974	402.82
810000	81000	81000	81073	407.79
811000	81100	81100	81172	405.18
812000	81200	81200	81273	404.36
813000	81300	81300	81374	404.75
814000	81400	81400	81472	407.53
815000	81500	81500	81574	407.12
816000	81600	81600	81673	408.41
817000	81700	81700	81771	409.17
818000	81800	81800	81874	409.01
819000	81900	81900	81973	407.99
820000	82000	82000	82074	411.81
821000	82100	82100	82173	407.95
822000	82200	82200	82272	411.5
823000	82300	82300	82373	414.28
824000	82400	82400	82475	414.67
825000	82500	82500	82573	411.81
826000	82600	82600	82673	415.46
827000	82700	82700	82774	411.98
828000	82800	82800	82874	412.14
829000	82900	82900	82973	413.1
830000	83000	83000	83072	414.43
831000	83100	83100	83174	415.25
832000	83200	83200	83273	415.6
833000	83300	83300	83374	414.09
834000	83400	83400	83473	418.26
835000	83500	83500	83574	416.81
836000	83600	83600	83673	416.66
837000	83700	83700	83773	415.93
838000	83800	83800	83875	420.65
839000	83900	83900	83973	420.8
840000	84000	84000	84074	421.02
841000	84100	84100	84173	419.31
842000	84200	84200	84273	421.49
843000	84300	84300	84374	421.2
844000	84400	84400	84474	418.34
845000	84500	84500	84573	422.99
846000	84600	84600	84673	423.54
847000	84700	84700	84773	422.61
848000	84800	84800	84873	424.28
849000	84900	84900	84973	422.18
850000	85000	85000	85072	424.49
851000	85100	85100	85175	425.37
852000	85200	85200	85273	426.36
853000	85300	85300	85372	425.4
854000	85400	85400	85473	428.5
855000	85500	85500	85573	426.36
856000	85601	85600	85673	429.92
857000	85701	85701	85774	428.63
858000	85801	85801	85874	428.45
859000	85901	85901	85973	428.94
860000	86001	86001	86074	427.86
861000	86101	86101	86174	431.52
862000	86201	86201	86273	431.32
863000	86301	86301	86373	429.3
864000	86401	86401	86474	433.29
865000	86501	86501	86573	432.6
866000	86601	86601	86674	431.29
867000	86701	86701	86774	434.14
868000	86801	86801	86872	436.96
869000	86901	86901	86973	431.66
870000	87001	87001	87072	436.64
871000	87101	87101	87173	433.57
872000	87201	87201	87273	436.27
873000	87301	87301	87374	436.27
874000	87401	87401	87474	435.25
875000	87501	87501	87573	435.58
876000	87601	87601	87674	436.94
877000	87701	87701	87773	440.45
878000	87801	87801	87873	438.51
879000	87901	87901	87973	440.32
880000	88001	88001	88073	440.63
881000	88101	88101	88175	441.03
882000	88201	88201	88275	440.39
883000	88301	88301	88374	440.01
884000	88401	88401	88474	444.46
885000	88501	88501	88572	442.39
886000	88601	88601	88675	440.85
887000	88701	88701	88775	445.99
888000	88801	88801	88873	445.65
889000	88901	88901	88973	443.59
890000	89001	89001	89073	444.79
891000	89101	89101	89173	445.79
892000	89201	89201	89273	445.63
893000	89301	89301	89374	449.39
894000	89401	89401	89473	445.55
895000	89501	89501	89574	446.61
896000	89601	89601	89673	446.41
897000	89701	89701	89773	446.84
898000	89801	89801	89873	448.72
899000	89901	89901	89974	452.37
900000	90001	90001	90072	450.9
901000	90101	90101	90174	450.95
902000	90201	90201	90274	449.51
903000	90301	90301	90372	450.99
904000	90401	90401	90474	453.02
905000	90501	90501	90572	450.9
906000	90601	90601	90674	452.78
907000	90701	90701	90774	455.1
908000	90801	90801	90873	457.33
909000	90901	90901	90974	451.62
910000	91001	91001	91074	456.62
911000	91101	91101	91175	455.33
912000	91201	91201	91272	456.94
913000	91301	91301	91371	456.12
914000	91401	91401	91474	454.74
915000	91501	91501	91572	455.44
916000	91601	91601	91672	458.61
917000	91701	91701	91773	458.23
918000	91801	91801	91871	461.6
919000	91901	91901	91972	461.27
920000	92001	92001	92073	457.9
921000	92100	92100	92173	460.75
922000	92200	92200	92271	459.92
923000	92300	92300	92373	459.58
924000	92400	92400	92473	462.73
925000	92500	92500	92574	461.36
926000	92600	92600	92674	463.06
927000	92700	92700	92773	468.61
928000	92800	92800	92874	463.59
929000	92900	92900	92973	463.72
930000	93000	93000	93074	465.69
931000	93100	93100	93174	464.93
932000	93200	93200	93274	466.89
933000	93300	93300	93373	468.48
934000	93400	93400	93473	464.3
935000	93500	93500	93574	468.28
936000	93600	93600	93673	466.55
937000	93700	93700	93772	471.21
938000	93800	93800	93874	468.38
939000	93900	93900	93974	469.48
940000	94000	94000	94074	470.24
941000	94100	94100	94172	471.96
942000	94200	94200	94274	470.01
943000	94300	94300	94374	471.91
944000	94400	94400	94473	473.11
945000	94500	94500	94574	471.04
946000	94600	94600	94674	475.81
947000	94700	94700	94774	472.35
948000	94800	94800	94873	473.02
949000	94901	94900	94972	473.76
950000	95001	95001	95074	473.16
951000	95101	95101	95172	474.85
952000	95201	95201	95272	478.76
953000	95301	95301	95374	476.03
954000	95401	95401	95472	478.19
955000	95501	95501	95573	475.28
956000	95601	95601	95672	475.68
957000	95701	95701	95774	479.68
958000	95801	95801	95874	477.54
959000	95901	95901	95973	482.17
960000	96001	96001	96074	478.37
961000	96101	96101	96173	480.84
962000	96201	96201	96273	479.76
963000	96301	96301	96373	480.29
964000	96401	96401	96473	481.43
965000	96501	96501	96571	481.86
966000	96601	96601	96674	485.36
967000	96701	96701	96773	481.55
968000	96801	96801	96872	483.03
969000	96901	96901	96974	485.04
970000	97001	97001	97073	483.39
971000	97101	97101	97173	484.93
972000	97201	97201	97273	484.87
973000	97301	97301	97373	486.57
974000	97401	97401	97473	487.88
975000	97501	97501	97573	488.48
976000	97601	97601	97673	488.91
977000	97701	97701	97773	488.5
978000	97801	97801	97873	487.63
979000	97901	97901	97973	489.23
980000	98001	98001	98073	490.38
981000	98101	98101	98173	492.46
982000	98201	98201	98274	492.82
983000	98301	98301	98374	491.73
984000	98401	98401	98476	491.61
985000	98501	98501	98574	491.38
986000	98601	98601	98674	492.42
987000	98701	98701	98776	495.25
988000	98801	98801	98874	493.62
989000	98901	98901	98973	493.22
990000	99001	99001	99073	496.06
991000	99101	99101	99174	494.68
992000	99201	99201	99274	497.96
993000	99301	99301	99375	500.19
994000	99401	99401	99473	495.1
995000	99501	99501	99573	494.97
996000	99601	99601	99675	498.04
997000	99701	99701	99772	498.23
998000	99801	99801	99873	498.99
999000	99901	99901	99973	498.18
1000000	100001	100001	100074	503.29
