time	clients	active	ids	slots
1000	101	101	173	0.47
2000	200	200	274	1.01
3000	301	301	373	1.39
4000	401	401	474	2.06
5000	500	500	573	2.44
6000	600	600	673	3.06
7000	700	700	774	3.5
8000	800	800	872	3.79
9000	901	901	974	4.59
10000	1000	999	1073	4.97
11000	1100	999	1173	5.08
12000	1200	999	1273	4.66
13000	1301	1000	1373	5.31
14000	1401	1000	1473	5.14
15000	1500	1000	1574	5.13
16000	1601	1001	1674	4.9
17000	1701	1000	1773	5.32
18000	1801	1000	1872	4.84
19000	1900	1000	1973	5.19
20000	2000	999	2073	5.01
21000	2101	1000	2175	4.94
22000	2201	1001	2274	5.32
23000	2301	1001	2372	5.08
24000	2401	1001	2473	5.34
25000	2501	1000	2573	5.04
26000	2601	1001	2673	5.27
27000	2701	1001	2773	5.2
28000	2801	1000	2873	5.24
29000	2900	999	2973	4.87
30000	3000	999	3073	5.24
31000	3101	1000	3173	5.22
32000	3200	1000	3273	5.03
33000	3300	1000	3373	4.81
34000	3400	999	3473	5.19
35000	3500	999	3574	4.72
36000	3600	999	3674	5.08
37000	3701	1000	3773	5.29
38000	3801	1000	3874	4.97
39000	3901	1000	3972	5.03
40000	4000	999	4073	4.93
41000	4100	999	4174	5.05
42000	4200	1000	4273	5.18
43000	4301	1001	4374	5.15
44000	4401	1000	4475	5.17
45000	4500	1000	4572	4.99
46000	4601	1001	4674	5.25
47000	4701	1001	4775	5.16
48000	4801	1001	4875	5.09
49000	4901	1001	4972	5.28
50000	5001	1000	5076	4.97
51000	5101	1000	5173	5.18
52000	5201	1001	5273	4.96
53000	5301	1001	5374	5.09
54000	5401	1001	5473	5.15
55000	5501	1000	5574	5.24
56000	5601	1000	5673	5
57000	5701	1001	5773	5.29
58000	5801	1000	5873	4.99
59000	5901	1001	5973	5.06
60000	6001	1001	6073	5.02
61000	6101	1001	6172	4.79
62000	6201	1000	6275	5.09
63000	6301	1000	6373	5.04
64000	6401	1000	6473	4.77
65000	6501	1001	6572	4.96
66000	6601	1000	6674	5.06
67000	6701	1000	6774	4.95
68000	6801	1000	6873	4.99
69000	6901	1001	6975	4.99
70000	7000	1000	7074	5.15
71000	7100	999	7174	4.93
72000	7200	999	7274	4.99
73000	7300	999	7374	4.87
74000	7401	1000	7473	4.92
75000	7501	1000	7575	4.99
76000	7601	1000	7672	5.14
77000	7700	999	7774	5.22
78000	7800	999	7874	5.11
79000	7900	999	7974	5.1
80000	8000	999	8072	4.98
81000	8101	1000	8173	5.26
82000	8201	1001	8274	4.91
83000	8301	1001	8374	5.33
84000	8401	1001	8472	5.13
85000	8500	1000	8572	4.81
86000	8601	1001	8675	5
87000	8701	1001	8774	4.81
88000	8801	1000	8873	4.97
89000	8901	1001	8974	5.23
90000	9001	1001	9074	4.98
91000	9101	1000	9172	5.01
92000	9201	1000	9274	4.96
93000	9300	1000	9374	5.13
94000	9401	1000	9474	5.24
95000	9501	1001	9573	4.95
96000	9601	1001	9674	4.9
97000	9701	1000	9773	5.05
98000	9800	1000	9873	5.27
99000	9901	1001	9973	5.1
100000	10001	1002	10073	5.34
101000	10101	1102	10175	5.52
102000	10201	1200	10272	5.78
103000	10301	1301	10373	6.72
104000	10400	1400	10474	6.88
105000	10501	1502	10573	7.44
106000	10601	1601	10674	7.89
107000	10701	1701	10773	8.5
108000	10801	1801	10872	8.97
109000	10901	1901	10972	9.32
110000	11001	2001	11074	10.43
111000	11101	2001	11173	10.42
112000	11201	2002	11272	10.03
113000	11301	2001	11372	10.2
114000	11401	2001	11475	10.25
115000	11501	1999	11573	9.73
116000	11601	2000	11673	10.11
117000	11701	2000	11772	9.89
118000	11801	2000	11873	10.04
119000	11900	2000	11972	9.85
120000	12001	2002	12071	10.27
121000	12101	2000	12173	10.35
122000	12201	1999	12273	10.17
123000	12301	1999	12375	10.31
124000	12401	2000	12474	10
125000	12501	2001	12574	9.99
126000	12601	2000	12672	10.13
127000	12701	2001	12775	10.26
128000	12801	2000	12874	10.21
129000	12901	2000	12975	10.19
130000	13001	2000	13072	10.08
131000	13101	2000	13174	10.47
132000	13201	2001	13272	9.95
133000	13301	2001	13373	10.26
134000	13401	2000	13472	9.59
135000	13501	2000	13572	9.82
136000	13601	1999	13673	10.11
137000	13701	2000	13774	10.52
138000	13801	2001	13873	10.44
139000	13901	2001	13972	10.36
140000	14001	2000	14074	10.26
141000	14101	2001	14174	10.1
142000	14200	1998	14272	9.99
143000	14300	1998	14373	9.88
144000	14400	1999	14473	9.98
145000	14500	1998	14573	10.2
146000	14600	1999	14673	10.03
147000	14700	1999	14774	9.96
148000	14800	1999	14875	10.12
149000	14901	2000	14973	10.01
150000	15000	2000	15073	9.64
151000	15100	1999	15172	9.79
152000	15200	1999	15273	10.01
153000	15300	1999	15372	9.71
154000	15400	1998	15472	10.62
155000	15500	2000	15573	10.11
156000	15600	2001	15672	10.39
157000	15700	2000	15775	10.14
158000	15800	2000	15874	10.57
159000	15900	2000	15972	9.84
160000	16000	1999	16073	9.94
161000	16100	2001	16173	10.16
162000	16200	2001	16273	9.84
163000	16300	2001	16374	10.09
164000	16400	2000	16473	9.98
165000	16501	2001	16572	9.81
166000	16601	2000	16673	10.04
167000	16701	2000	16773	10.32
168000	16801	2001	16873	9.65
169000	16901	2001	16973	9.94
170000	17001	2000	17073	10.08
171000	17100	2000	17173	9.91
172000	17200	1999	17273	10.01
173000	17300	2000	17374	10.31
174000	17400	2000	17474	9.48
175000	17500	2000	17572	9.87
176000	17600	2000	17672	10
177000	17701	2001	17774	10.12
178000	17801	2000	17872	10.32
179000	17901	1999	17973	9.91
180000	18001	2000	18075	10.15
181000	18100	2000	18174	9.9
182000	18200	2000	18273	10.33
183000	18300	2000	18372	10.05
184000	18400	1999	18474	10.32
185000	18500	1999	18572	10.48
186000	18601	1999	18675	10.08
187000	18701	1999	18774	10.3
188000	18801	2001	18874	9.61
189000	18901	2000	18972	10.05
190000	19001	2000	19073	10.28
191000	19100	2000	19174	10.31
192000	19201	2001	19276	10.04
193000	19300	1999	19373	10.12
194000	19401	2002	19474	9.66
195000	19501	2001	19573	10.82
196000	19601	2002	19673	9.95
197000	19701	2002	19774	9.83
198000	19801	2002	19874	10.1
199000	19901	2000	19973	10.25
200000	20001	2002	20073	9.96
201000	20101	2101	20173	10.87
202000	20201	2202	20273	11.44
203000	20301	2301	20372	11.97
204000	20401	2401	20474	11.93
205000	20501	2501	20575	12.62
206000	20601	2601	20674	12.8
207000	20701	2702	20775	13.96
208000	20801	2802	20873	14.1
209000	20901	2903	20974	14.31
210000	21001	3003	21075	15.38
211000	21101	3001	21173	15.37
212000	21201	3002	21275	15.45
213000	21301	3002	21374	15.32
214000	21401	3002	21473	14.94
215000	21501	3001	21573	15.61
216000	21601	3000	21672	15.1
217000	21701	3000	21772	15.6
218000	21801	3000	21873	15.61
219000	21901	3000	21975	15.4
220000	22000	2999	22074	15.05
221000	22100	3001	22173	15.32
222000	22200	3001	22272	14.99
223000	22300	3001	22372	15.02
224000	22401	3002	22473	15.1
225000	22501	3002	22577	15.02
226000	22600	3000	22674	15.11
227000	22701	3000	22774	15.17
228000	22801	3002	22873	15.4
229000	22901	3002	22974	14.34
230000	23001	2999	23073	15.31
231000	23100	3000	23171	15.24
232000	23200	3000	23274	14.77
233000	23301	3002	23373	15.28
234000	23401	3000	23475	15.29
235000	23501	3001	23572	14.98
236000	23601	3001	23674	15.02
237000	23701	3001	23773	14.8
238000	23801	3000	23874	15.49
239000	23901	2999	23974	15.15
240000	24001	3000	24073	14.49
241000	24100	3002	24173	15.21
242000	24200	3000	24273	14.86
243000	24301	3000	24373	14.98
244000	24401	3001	24474	15.39
245000	24501	3000	24575	14.83
246000	24601	2998	24674	15.71
247000	24701	3000	24773	15
248000	24801	3000	24874	15.53
249000	24901	3000	24972	15.02
250000	25001	3000	25074	15.19
251000	25101	2998	25173	15.3
252000	25201	2999	25273	15.12
253000	25301	2998	25375	15.31
254000	25401	2998	25474	15.53
255000	25501	3001	25573	15.12
256000	25601	3001	25673	15.12
257000	25701	2999	25772	15.05
258000	25801	3000	25874	15.15
259000	25901	3000	25974	14.77
260000	26000	3000	26074	15.13
261000	26100	3000	26172	15.15
262000	26201	3001	26273	15.44
263000	26300	3001	26374	15.04
264000	26401	3001	26474	15.2
265000	26501	3002	26573	14.88
266000	26601	3001	26674	15.04
267000	26701	3001	26773	15.31
268000	26801	3000	26873	15.38
269000	26901	3001	26974	14.74
270000	27001	3000	27074	14.46
271000	27101	3000	27175	14.87
272000	27201	2999	27272	15.38
273000	27301	2999	27375	15.44
274000	27401	3000	27472	14.88
275000	27501	2999	27573	14.97
276000	27601	3000	27672	15.45
277000	27701	3000	27773	15.26
278000	27801	3000	27873	15.2
279000	27901	2999	27975	14.65
280000	28001	2999	28073	15.12
281000	28101	3000	28174	14.95
282000	28201	3000	28273	14.79
283000	28301	3000	28373	15.21
284000	28401	2998	28472	15.06
285000	28501	3000	28573	14.76
286000	28601	3000	28674	15.15
287000	28701	3000	28776	15.35
288000	28801	3001	28874	15.29
289000	28901	3000	28974	15.11
290000	29001	3000	29072	15.07
291000	29101	3001	29173	15.01
292000	29201	3002	29272	14.94
293000	29301	3000	29373	15.53
294000	29401	3000	29472	15.02
295000	29501	3000	29574	14.76
296000	29600	2999	29675	15.55
297000	29700	2998	29773	15.58
298000	29800	2998	29874	15.43
299000	29900	2998	29974	14.89
300000	30000	2999	30072	15.05
301000	30100	3099	30174	15.28
302000	30200	3200	30274	16.1
303000	30300	3299	30374	16.63
304000	30400	3399	30473	16.86
305000	30500	3498	30572	17.77
306000	30600	3599	30673	18.12
307000	30700	3701	30772	18.42
308000	30800	3800	30873	19.38
309000	30900	3903	30973	19.47
310000	31000	4000	31074	20.22
311000	31101	3999	31174	20.34
312000	31201	3999	31274	19.98
313000	31301	4000	31375	19.98
314000	31401	4000	31474	20.18
315000	31501	4001	31572	20.86
316000	31601	4001	31674	20.39
317000	31701	4000	31774	20.42
318000	31801	4001	31873	20.33
319000	31901	4001	31973	20.25
320000	32001	4000	32074	19.85
321000	32101	4001	32173	19.77
322000	32200	4001	32273	20.63
323000	32300	4001	32374	19.9
324000	32400	3999	32472	20.67
325000	32500	3999	32572	20.11
326000	32600	4000	32672	20.16
327000	32700	4001	32774	19.77
328000	32800	4001	32872	20.02
329000	32900	4001	32974	20.12
330000	33000	4000	33073	19.97
331000	33100	4001	33175	20.32
332000	33200	4000	33274	19.65
333000	33301	4000	33373	20.5
334000	33401	4001	33473	20.32
335000	33501	4001	33573	20
336000	33601	4000	33674	20.7
337000	33701	4000	33775	19.73
338000	33801	4000	33873	20.63
339000	33900	3999	33973	20.01
340000	34000	4000	34074	20.43
341000	34100	4002	34173	19.76
342000	34200	4000	34274	19.97
343000	34300	4002	34374	20.65
344000	34400	3999	34474	20.52
345000	34500	4000	34575	19.82
346000	34600	4000	34673	20.65
347000	34700	4001	34774	20.48
348000	34800	4000	34873	19.68
349000	34900	4002	34972	20.12
350000	35000	3999	35073	20.33
351000	35100	3998	35172	20.65
352000	35200	4000	35275	19.56
353000	35300	3999	35373	19.8
354000	35400	4000	35472	20.21
355000	35500	3999	35573	20.39
356000	35600	4001	35674	20.32
357000	35701	4001	35774	20.46
358000	35801	4000	35873	20.25
359000	35901	3999	35972	19.82
360000	36001	3999	36073	20.08
361000	36101	4000	36173	20.78
362000	36200	4001	36274	19.38
363000	36300	4001	36374	20.25
364000	36400	3998	36471	20.06
365000	36500	4001	36574	20.43
366000	36600	3999	36674	19.69
367000	36700	4000	36774	19.88
368000	36800	4001	36873	20.05
369000	36900	4002	36974	19.78
370000	37000	3999	37072	20.1
371000	37101	4001	37173	19.65
372000	37200	3998	37274	20.26
373000	37300	3999	37373	19.83
374000	37400	4000	37474	20.76
375000	37501	4001	37573	20.12
376000	37600	4001	37674	20.39
377000	37701	4001	37772	19.65
378000	37800	3999	37872	19.61
379000	37901	4001	37972	20.05
380000	38001	3999	38073	20.05
381000	38101	4001	38174	19.72
382000	38201	4000	38274	20.04
383000	38300	3999	38372	20.02
384000	38400	3998	38474	19.72
385000	38501	4001	38573	20.36
386000	38601	3999	38673	20.48
387000	38701	4000	38774	20.51
388000	38801	4000	38873	19.68
389000	38901	3998	38974	20.19
390000	39001	4001	39073	19.83
391000	39101	3999	39174	20.03
392000	39201	4000	39273	20.14
393000	39301	3999	39374	20.45
394000	39401	4000	39474	20.14
395000	39500	3999	39572	20.62
396000	39600	3998	39673	20.23
397000	39700	4000	39772	20.19
398000	39800	4000	39874	20.21
399000	39901	3999	39974	20.08
400000	40001	4002	40074	20.27
401000	40101	4099	40174	20.16
402000	40201	4201	40273	21.39
403000	40300	4300	40372	21.91
404000	40400	4400	40473	22.23
405000	40500	4500	40573	22.68
406000	40600	4599	40673	23.54
407000	40700	4699	40773	23.75
408000	40800	4800	40874	23.7
409000	40900	4902	40975	24.85
410000	41000	5000	41071	24.95
411000	41100	5000	41174	25.36
412000	41200	5000	41274	25.23
413000	41301	5002	41374	25.14
414000	41400	5001	41475	24.84
415000	41501	5002	41575	25.22
416000	41601	5002	41673	24.93
417000	41701	5000	41773	25.43
418000	41801	5004	41874	24.96
419000	41901	5000	41975	24.53
420000	42001	5000	42073	25.07
421000	42101	5000	42172	25.33
422000	42201	4999	42274	25.58
423000	42301	5000	42373	24.44
424000	42401	5001	42473	25.3
425000	42501	5000	42575	24.3
426000	42601	5001	42673	25.34
427000	42701	5001	42773	26.08
428000	42801	4998	42873	25.36
429000	42901	5000	42973	25.06
430000	43001	5000	43073	24.96
431000	43101	5000	43173	25.38
432000	43201	5001	43274	25.23
433000	43301	5001	43374	25.01
434000	43401	5002	43474	25.07
435000	43501	5001	43573	25.57
436000	43601	5000	43673	25.52
437000	43701	5000	43775	25.51
438000	43801	5001	43874	25.17
439000	43901	5000	43974	24.73
440000	44001	5000	44074	25.82
441000	44101	5001	44174	25
442000	44201	5000	44273	25.13
443000	44301	5000	44373	25.39
444000	44401	5000	44474	24.79
445000	44501	4999	44575	24.83
446000	44601	4999	44674	25.54
447000	44701	5001	44774	25.42
448000	44801	5001	44874	25.6
449000	44901	5002	44972	24.88
450000	45001	4999	45075	25.04
451000	45101	4999	45173	25.68
452000	45201	5001	45273	24.81
453000	45301	4998	45374	24.86
454000	45401	5000	45473	25.77
455000	45501	5000	45573	25.52
456000	45601	5000	45674	24.38
457000	45701	5003	45773	24.71
458000	45801	5002	45875	25.07
459000	45901	4998	45973	24.9
460000	46001	4998	46074	25.39
461000	46101	4999	46174	25.24
462000	46201	5000	46273	25.28
463000	46301	5001	46373	25.5
464000	46401	5000	46474	25.17
465000	46501	5001	46573	25.62
466000	46601	4999	46672	25.15
467000	46701	5000	46774	25.24
468000	46801	5001	46874	25.78
469000	46901	5000	46974	25.58
470000	47001	5000	47073	25.11
471000	47101	5002	47173	25.36
472000	47201	5000	47272	25.62
473000	47301	4999	47373	25.35
474000	47401	5001	47473	25.69
475000	47501	5000	47574	25.02
476000	47601	5000	47674	24.83
477000	47700	5001	47773	25.15
478000	47800	5000	47874	25.97
479000	47900	4999	47974	25.63
480000	48000	5001	48073	25.12
481000	48100	4999	48172	25.14
482000	48201	5000	48273	25.41
483000	48301	4998	48374	25.06
484000	48401	4999	48473	25.69
485000	48501	5001	48574	25.2
486000	48601	5002	48672	24.86
487000	48701	4999	48773	25.34
488000	48800	5000	48873	24.97
489000	48900	5001	48975	25.38
490000	49000	5000	49072	25.04
491000	49101	4999	49174	25.18
492000	49201	5002	49272	25.79
493000	49301	5002	49374	25.1
494000	49401	5001	49471	24.82
495000	49501	4998	49573	25.34
496000	49601	4999	49673	24.95
497000	49701	4997	49773	25.67
498000	49801	5000	49872	25.76
499000	49900	5000	49973	25.43
500000	50000	5000	50074	25.11
501000	50100	5101	50173	25.28
502000	50200	5201	50273	25.91
503000	50300	5299	50374	27.21
504000	50400	5401	50473	27.36
505000	50500	5499	50572	28.16
506000	50600	5599	50672	28.22
507000	50701	5701	50772	28.98
508000	50801	5801	50874	29.42
509000	50901	5902	50974	30.09
510000	51001	5999	51072	29.72
511000	51101	5999	51172	30.55
512000	51201	6000	51272	30.59
513000	51301	6001	51374	30.32
514000	51401	6000	51474	30.35
515000	51501	6001	51571	30.29
516000	51601	6002	51672	30.35
517000	51701	5999	51773	29.87
518000	51801	5998	51872	29.96
519000	51901	5999	51974	30.54
520000	52001	6002	52073	30.79
521000	52101	6000	52173	30.15
522000	52201	5999	52273	29.81
523000	52301	5998	52375	30.35
524000	52401	5999	52473	30.73
525000	52501	6001	52573	29.94
526000	52601	5999	52674	30.36
527000	52701	6000	52773	29.95
528000	52801	5999	52873	30.56
529000	52901	6000	52975	30.03
530000	53001	5998	53073	30.5
531000	53101	5999	53173	30.19
532000	53201	6000	53271	30.68
533000	53301	6000	53373	30.45
534000	53401	6002	53474	30.42
535000	53501	6001	53575	29.72
536000	53601	6000	53672	29.93
537000	53701	6000	53774	30.08
538000	53801	6000	53872	30.11
539000	53901	5999	53974	31.02
540000	54001	6004	54073	30.54
541000	54101	6004	54173	30.56
542000	54201	5999	54273	30.48
543000	54301	6001	54374	30.09
544000	54401	5998	54474	30.75
545000	54501	5999	54573	30.11
546000	54601	5998	54672	30.27
547000	54701	6001	54773	30.92
548000	54801	6000	54873	29.76
549000	54901	6001	54972	30.55
550000	55001	5997	55072	29.97
551000	55101	5999	55173	31.13
552000	55201	6002	55274	30.76
553000	55301	5999	55373	30.71
554000	55401	6000	55473	29.87
555000	55501	6000	55573	30.13
556000	55601	6001	55672	29.69
557000	55701	6002	55774	30.3
558000	55801	6001	55873	30.32
559000	55901	6000	55973	30.43
560000	56001	5999	56073	30.86
561000	56101	6001	56172	30.26
562000	56201	6000	56275	31.07
563000	56301	6000	56373	30.51
564000	56401	6001	56472	30.37
565000	56501	6001	56573	30.4
566000	56601	5999	56673	29.83
567000	56701	5997	56773	30.36
568000	56801	6001	56872	30.49
569000	56901	6001	56973	30.72
570000	57001	6000	57074	30.38
571000	57101	6000	57173	30.48
572000	57201	5999	57274	30.49
573000	57301	5999	57374	31.44
574000	57401	5998	57473	29.57
575000	57501	6000	57575	30.49
576000	57601	5999	57672	30.27
577000	57701	6001	57773	29.92
578000	57801	5999	57873	30.28
579000	57901	5999	57973	30.6
580000	58001	6000	58072	30.33
581000	58101	6000	58174	30.29
582000	58201	6000	58271	30.39
583000	58301	6001	58373	29.9
584000	58401	6000	58473	30.55
585000	58501	6000	58574	30.71
586000	58601	6002	58672	30.37
587000	58701	5999	58774	30.05
588000	58801	6002	58874	29.84
589000	58901	6001	58974	30.35
590000	59001	5999	59072	29.48
591000	59101	5999	59173	30.18
592000	59201	6000	59273	29.94
593000	59300	5997	59374	30.33
594000	59400	5998	59473	30.14
595000	59500	5998	59573	30.61
596000	59600	5999	59673	30.59
597000	59700	5998	59774	30.34
598000	59800	5997	59874	30.28
599000	59900	6000	59973	30.39
600000	60000	5999	60074	30.22
601000	60100	6101	60172	30.72
602000	60200	6200	60275	31.4
603000	60300	6301	60371	31.81
604000	60400	6401	60473	33.08
605000	60500	6499	60575	32.72
606000	60600	6601	60675	33.78
607000	60701	6701	60773	34.42
608000	60801	6801	60872	34.03
609000	60901	6901	60973	34.96
610000	61001	7000	61074	35.31
611000	61100	7001	61173	35.4
612000	61200	7000	61272	35.7
613000	61300	7003	61372	34.61
614000	61400	7003	61473	35.37
615000	61500	7000	61573	36.07
616000	61600	7002	61674	35.19
617000	61700	7000	61772	34.88
618000	61800	7000	61873	35.26
619000	61901	7000	61972	35.2
620000	62001	7003	62073	35.46
621000	62101	7001	62174	35.55
622000	62201	7001	62273	35.32
623000	62301	7000	62373	35.02
624000	62401	7000	62473	35.66
625000	62500	7000	62573	35.58
626000	62600	7002	62673	35.37
627000	62700	7000	62773	34.56
628000	62800	7001	62873	35.87
629000	62900	7001	62975	35.18
630000	63000	7000	63071	36
631000	63100	7000	63173	35.13
632000	63200	7001	63272	35.17
633000	63300	7003	63373	35.48
634000	63400	7001	63474	34.92
635000	63500	7001	63575	35.66
636000	63600	6998	63674	35.58
637000	63700	7000	63771	35.37
638000	63800	7001	63872	35.99
639000	63900	6999	63971	35.39
640000	64000	7002	64073	35.22
641000	64100	7000	64172	34.98
642000	64200	6999	64273	35.3
643000	64300	6999	64371	35.81
644000	64400	7000	64473	35.6
645000	64500	6999	64572	35.09
646000	64600	6998	64675	35.09
647000	64700	7000	64774	34.73
648000	64800	6999	64875	35.66
649000	64900	7000	64972	34.76
650000	65000	7002	65073	35.49
651000	65100	7001	65172	34.41
652000	65200	7000	65272	35.64
653000	65300	7001	65373	34.39
654000	65400	6999	65474	34.78
655000	65500	7000	65573	35.19
656000	65600	6999	65674	34.79
657000	65700	7002	65772	35.34
658000	65800	7001	65872	34.17
659000	65900	7000	65974	35.43
660000	66000	7000	66073	35.81
661000	66100	6999	66172	35.26
662000	66200	7002	66274	35.77
663000	66300	7000	66373	34.7
664000	66400	7001	66472	35.28
665000	66500	7002	66572	35.38
666000	66600	7002	66674	35.14
667000	66700	6999	66774	35.64
668000	66800	7001	66874	35.16
669000	66900	7001	66974	34.9
670000	67000	6999	67073	35.54
671000	67100	7001	67174	34.93
672000	67200	7001	67274	34.89
673000	67300	6998	67374	36
674000	67400	7001	67473	35.69
675000	67500	7001	67572	35.71
676000	67600	6998	67673	35.39
677000	67700	6999	67774	35.88
678000	67800	6999	67873	35.8
679000	67900	6999	67972	35.54
680000	68000	7001	68073	35.28
681000	68100	6999	68172	35.96
682000	68200	6999	68272	35.63
683000	68300	7001	68373	34.94
684000	68400	6998	68474	35.18
685000	68500	7001	68572	34.99
686000	68600	7001	68673	35.83
687000	68700	7000	68771	35.13
688000	68800	7004	68874	35.39
689000	68900	7002	68974	35.37
690000	69000	7000	69074	35.52
691000	69100	6999	69172	36.07
692000	69200	7002	69274	35.04
693000	69300	6999	69373	35.58
694000	69400	7000	69474	34.9
695000	69500	7000	69573	35.85
696000	69600	7001	69673	35.59
697000	69700	6999	69772	34.74
698000	69800	6997	69875	35.8
699000	69900	7001	69974	35.48
700000	70000	7000	70072	35.64
701000	70100	7100	70174	35.47
702000	70200	7201	70272	36.2
703000	70300	7297	70374	37.33
704000	70400	7399	70472	37.57
705000	70500	7499	70574	38.01
706000	70600	7598	70672	37.43
707000	70700	7701	70772	39.13
708000	70800	7801	70873	38.85
709000	70900	7900	70975	39.89
710000	71000	7999	71073	40.13
711000	71100	8002	71172	39.72
712000	71200	8001	71275	40.33
713000	71300	8001	71374	39.89
714000	71400	8001	71473	39.86
715000	71500	8001	71572	40.99
716000	71600	8003	71674	39.58
717000	71701	7997	71774	40.03
718000	71801	8001	71874	40.66
719000	71901	8000	71973	40.33
720000	72001	7999	72074	40.88
721000	72101	7999	72173	39.81
722000	72201	7998	72273	39.48
723000	72301	7999	72375	40.47
724000	72401	7999	72474	40.04
725000	72501	8000	72576	40.23
726000	72601	7999	72673	40.46
727000	72701	7998	72774	39.98
728000	72801	8002	72874	40.29
729000	72901	8000	72974	41.32
730000	73001	8001	73074	40.14
731000	73101	8000	73173	40.26
732000	73201	8002	73275	40.36
733000	73300	8001	73374	40.71
734000	73401	8001	73472	39.98
735000	73501	8003	73573	40.58
736000	73601	7998	73674	39.65
737000	73701	8002	73773	40.42
738000	73801	7999	73872	40.24
739000	73901	8001	73973	40.51
740000	74001	8001	74073	40.29
741000	74101	8000	74174	41.23
742000	74201	7997	74273	40.09
743000	74301	7999	74374	41.35
744000	74401	7998	74474	41.38
745000	74501	7999	74573	40.62
746000	74601	8001	74674	40.13
747000	74701	8001	74773	40.07
748000	74801	8000	74874	40.05
749000	74901	8000	74974	40.44
750000	75001	7998	75074	39.93
751000	75101	8000	75173	40.28
752000	75201	8000	75273	40.13
753000	75301	8001	75374	40.25
754000	75401	8000	75472	40.68
755000	75501	7999	75574	41.11
756000	75600	8001	75672	40.32
757000	75700	8000	75772	40.74
758000	75800	8001	75873	40.49
759000	75900	7999	75973	40.21
760000	76000	8000	76073	40.22
761000	76100	8001	76174	40.55
762000	76200	8000	76273	39.36
763000	76300	8000	76372	40.13
764000	76400	7998	76474	41.04
765000	76500	8002	76575	39.65
766000	76600	8000	76673	40.3
767000	76700	8001	76775	39.72
768000	76800	8002	76875	41.31
769000	76900	8001	76973	40.36
770000	77000	8000	77073	39.7
771000	77100	8004	77174	40.41
772000	77200	8000	77272	40.22
773000	77300	7999	77372	40.05
774000	77401	8003	77475	39.75
775000	77501	8000	77574	40.36
776000	77601	7998	77673	40.84
777000	77701	8001	77772	40.41
778000	77801	8000	77872	40.16
779000	77901	7999	77973	39.99
780000	78001	8000	78074	40.08
781000	78101	7997	78172	40.7
782000	78201	7999	78274	39.97
783000	78301	8001	78374	39.86
784000	78401	7998	78473	40.01
785000	78501	8002	78574	40.27
786000	78601	8000	78674	41.27
787000	78701	8001	78773	39.78
788000	78801	8001	78875	40.13
789000	78901	7998	78973	39.64
790000	79001	8001	79074	40.2
791000	79101	8000	79174	40.67
792000	79201	8002	79274	40.37
793000	79301	8000	79372	40.8
794000	79401	8001	79473	40.55
795000	79501	8000	79573	40.73
796000	79601	8000	79674	40.49
797000	79701	7999	79771	40.74
798000	79801	8000	79873	40.07
799000	79901	7999	79973	40.01
800000	80000	8000	80073	40.09
801000	80100	8099	80173	40.25
802000	80200	8200	80274	41.94
803000	80300	8299	80374	42.01
804000	80400	8400	80472	43.13
805000	80500	8500	80574	42.81
806000	80600	8599	80673	43.24
807000	80700	8700	80773	44.05
808000	80800	8803	80872	44.2
809000	80900	8900	80972	45.09
810000	81000	8998	81074	46.04
811000	81100	9002	81173	45.4
812000	81200	9000	81274	45.41
813000	81300	9002	81373	45.27
814000	81400	9001	81474	45.91
815000	81500	8997	81573	44.8
816000	81601	9002	81673	45.34
817000	81701	8999	81774	45.38
818000	81801	8998	81874	45.56
819000	81901	9000	81972	44.52
820000	82001	9000	82074	46.06
821000	82101	8997	82173	45.32
822000	82201	9000	82275	45.45
823000	82301	8999	82374	45.57
824000	82401	9000	82472	45.8
825000	82501	9001	82573	45.51
826000	82601	9001	82674	45.32
827000	82701	8998	82772	44.97
828000	82801	8999	82872	45.72
829000	82901	9000	82974	44.35
830000	83001	8999	83074	45.92
831000	83101	8999	83174	45.46
832000	83201	8998	83275	45.61
833000	83301	9001	83374	45.54
834000	83401	8999	83472	45.5
835000	83501	9001	83573	44.88
836000	83601	8998	83674	44.87
837000	83701	9001	83774	45.59
838000	83801	9001	83874	45.17
839000	83901	9000	83973	45.6
840000	84001	9006	84073	44.07
841000	84101	9002	84174	45.22
842000	84201	8998	84272	45.64
843000	84301	9000	84373	45.9
844000	84401	9000	84474	45.25
845000	84501	8998	84574	44.86
846000	84601	9002	84675	45.95
847000	84701	8998	84773	45.16
848000	84801	8999	84873	45.46
849000	84901	9003	84973	46.05
850000	85001	8995	85073	45.14
851000	85101	8998	85173	45.77
852000	85201	9001	85275	45.2
853000	85301	8999	85373	45.18
854000	85401	9002	85473	45.15
855000	85501	8999	85573	45.17
856000	85601	9002	85674	45.3
857000	85701	8999	85773	45.51
858000	85801	8999	85874	45.94
859000	85901	8999	85973	46.03
860000	86001	9003	86074	45.49
861000	86101	9001	86175	44.81
862000	86201	8998	86273	45.22
863000	86301	9000	86375	45.97
864000	86401	8999	86474	45.42
865000	86501	9000	86572	45.42
866000	86601	9001	86674	45.44
867000	86701	8999	86772	44.82
868000	86801	8999	86873	44.9
869000	86901	9000	86973	44.74
870000	87001	9000	87074	45.64
871000	87100	9000	87174	45.52
872000	87200	8999	87275	45.11
873000	87300	8999	87373	45.82
874000	87400	8999	87474	45.5
875000	87500	9001	87574	44.7
876000	87600	9001	87672	44.61
877000	87700	8999	87773	46.16
878000	87800	9000	87873	45.44
879000	87900	8999	87974	45.48
880000	88000	9001	88074	45.42
881000	88100	9001	88174	45.41
882000	88200	8999	88274	45.72
883000	88300	9001	88373	45.57
884000	88400	9001	88475	44.99
885000	88500	8998	88574	45.11
886000	88600	9000	88674	45.16
887000	88700	9002	88772	44.66
888000	88801	9004	88871	46.13
889000	88901	9004	88974	45.27
890000	89001	8999	89074	45.4
891000	89101	8998	89173	45.09
892000	89201	9001	89274	45.17
893000	89301	8999	89374	45.11
894000	89401	8998	89473	45.55
895000	89501	8999	89572	45.48
896000	89601	9001	89673	46.02
897000	89701	8998	89773	44.61
898000	89801	8998	89873	45.16
899000	89901	9000	89973	45.01
900000	90001	9000	90074	45.77
901000	90101	9101	90173	45.63
902000	90201	9202	90273	46.52
903000	90301	9299	90374	46.22
904000	90401	9401	90473	46.9
905000	90501	9500	90574	47.42
906000	90601	9598	90674	48.2
907000	90701	9699	90773	49.23
908000	90801	9799	90874	50.01
909000	90901	9899	90975	49.34
910000	91001	9998	91073	49.62
911000	91101	10000	91172	49.72
912000	91201	9998	91273	50.02
913000	91301	10000	91373	50.97
914000	91401	10001	91474	50.86
915000	91501	9997	91573	50.07
916000	91601	10002	91673	50.59
917000	91701	10000	91774	50.07
918000	91801	10001	91872	50.32
919000	91901	9998	91973	50.11
920000	92001	10002	92074	51.06
921000	92101	9997	92174	50.72
922000	92201	10001	92273	50.22
923000	92301	10000	92373	50.12
924000	92400	10001	92474	50.92
925000	92501	10001	92575	49.35
926000	92601	10000	92673	50.71
927000	92701	10001	92773	49.84
928000	92801	9999	92875	50.67
929000	92901	10000	92973	50.51
930000	93001	9995	93073	50.53
931000	93101	9997	93172	51.2
932000	93201	9997	93273	50.87
933000	93301	10000	93373	49.59
934000	93401	9998	93474	51.79
935000	93501	10000	93573	49.26
936000	93601	9997	93674	51.41
937000	93701	9997	93775	50.84
938000	93801	9999	93874	50.7
939000	93901	9999	93975	50.13
940000	94001	10003	94073	50.24
941000	94101	10001	94172	51.38
942000	94201	10000	94272	50.03
943000	94301	9999	94372	50.5
944000	94401	10002	94472	49.97
945000	94501	10000	94574	50.72
946000	94601	9997	94674	50.83
947000	94701	10003	94774	50.38
948000	94801	10000	94872	50.88
949000	94901	10004	94973	50.79
950000	95001	9998	95071	50.33
951000	95101	9997	95173	49.9
952000	95201	10001	95272	50.27
953000	95301	9997	95374	50.65
954000	95401	10000	95472	50.46
955000	95501	9999	95573	50.61
956000	95601	9999	95672	51.01
957000	95701	9998	95773	50.64
958000	95801	10000	95874	50.42
959000	95901	9999	95972	49.84
960000	96001	10004	96073	51.09
961000	96101	9999	96174	49.98
962000	96201	10000	96272	50
963000	96300	10000	96373	51.05
964000	96400	9999	96474	50.92
965000	96500	10000	96574	50.66
966000	96600	9999	96674	50.57
967000	96700	9999	96773	50.45
968000	96801	10004	96873	50.63
969000	96900	10002	96973	50.62
970000	97001	10003	97072	50.21
971000	97100	9998	97174	50.87
972000	97200	10000	97273	50.24
973000	97301	9999	97373	50.35
974000	97401	10000	97474	50.55
975000	97501	9999	97573	50.21
976000	97601	10001	97674	50.29
977000	97701	9999	97774	49.56
978000	97801	9996	97874	50.7
979000	97901	9996	97974	50.2
980000	98001	10000	98073	50.41
981000	98101	10002	98173	50.63
982000	98201	9999	98272	50.44
983000	98301	10000	98372	51.1
984000	98401	10000	98473	51.1
985000	98501	10000	98573	49.68
986000	98601	9999	98673	51.27
987000	98701	10000	98774	51.02
988000	98801	10001	98872	50.73
989000	98901	10002	98972	50.97
990000	99001	9995	99073	50.51
991000	99101	9998	99175	50.82
992000	99201	10000	99272	51.14
993000	99301	10004	99373	50.64
994000	99401	10000	99472	49.86
995000	99501	9999	99572	50.78
996000	99601	10002	99673	50.52
997000	99701	9999	99772	51.26
998000	99801	10000	99874	50.41
999000	99901	10001	99973	50.32
1000000	100001	10003	100074	50.63
