time	clients	active	ids	slots
1000	1000	263	1110	5.62
2000	1000	709	1110	6.06
3000	1000	280	1110	11.71
4000	1000	725	1110	11.88
5000	1000	265	1110	17.67
6000	1000	729	1110	17.44
7000	1000	261	1110	23.08
8000	1000	751	1110	23.31
9000	1000	250	1110	28.95
10000	1000	754	1110	28.76
11000	1000	234	1110	34.4
12000	1000	774	1110	34.34
13000	1000	215	1110	39.78
14000	1000	797	1110	40.11
15000	1000	199	1110	45.38
16000	1000	809	1110	45.63
17000	1000	186	1110	51.01
18000	1000	822	1110	51.13
19000	1000	168	1110	56.25
20000	1000	845	1110	56.39
21000	1000	147	1110	61.71
22000	1000	854	1110	61.63
23000	1000	137	1110	67.05
24000	1000	865	1110	66.75
25000	1000	128	1110	71.59
26000	1000	865	1110	71.95
27000	1000	129	1110	76.92
28000	1000	265	1110	77.31
29000	1000	729	1110	82.48
30000	1000	432	1110	82.2
31000	1000	567	1110	86.92
32000	1000	112	1110	87.14
33000	1000	910	1110	92.1
34000	1000	252	1110	92.23
35000	1000	745	1110	97.23
36000	1000	183	1110	97.23
37000	1000	820	1110	101.9
38000	1000	64	1110	102.16
39000	1000	934	1110	106.65
40000	1000	540	1110	107.05
41000	1000	454	1110	111.77
42000	1000	368	1110	111.8
43000	1000	644	1110	116.45
44000	1000	287	1110	116.73
45000	1000	715	1110	121.02
46000	1000	608	1110	121.33
47000	1000	386	1110	125.92
48000	1000	601	1110	126.04
49000	1000	400	1110	130.36
50000	1000	198	1110	131
51000	1000	802	1110	135.16
52000	1000	889	1110	135.2
53000	1000	119	1110	139.99
54000	1000	283	1110	140.05
55000	1000	714	1110	144.68
56000	1000	86	1110	144.27
57000	1000	941	1110	148.59
58000	1000	154	1110	148.57
59000	1000	838	1110	153.11
60000	1000	338	1110	153.33
61000	1000	658	1110	157.82
62000	1000	361	1110	157.64
63000	1000	464	1110	162.01
64000	1000	980	1110	162.16
65000	1000	14	1110	166.09
66000	1000	316	1110	166.63
67000	1000	684	1110	170.54
68000	1000	287	1110	170.68
69000	1000	710	1110	174.67
70000	1000	287	1110	174.77
71000	1000	717	1110	178.91
72000	1000	149	1110	178.69
73000	1000	853	1110	182.74
74000	1000	996	1110	182.61
75000	1000	20	1110	186.87
76000	1000	646	1110	186.6
77000	1000	363	1110	190.55
78000	1000	453	1110	190.5
79000	1000	542	1110	194.48
80000	1000	324	1110	194.76
81000	1000	671	1110	198.61
82000	1000	285	1110	198.98
83000	1000	711	1110	202.58
84000	1000	305	1110	202.93
85000	1000	691	1110	206.62
86000	1000	453	1110	206.58
87000	1000	546	1110	210.29
88000	1000	276	1110	210.46
89000	1000	713	1110	214.44
90000	1000	403	1110	214.56
91000	1000	597	1110	218
92000	1000	387	1110	218.16
93000	1000	605	1110	221.86
94000	1000	410	1110	222.24
95000	1000	584	1110	225.51
96000	1000	942	1110	225.86
97000	1000	53	1110	229.58
98000	1000	541	1110	229.66
99000	1000	454	1110	233.2
100000	1000	537	1110	233.35
101000	1000	464	1110	237.3
102000	1000	548	1110	237.26
103000	1000	465	1110	240.79
104000	1000	311	1110	240.72
105000	1000	688	1110	243.9
106000	1000	111	1110	244.2
107000	1000	886	1110	247.41
108000	1000	979	1110	247.83
109000	1000	11	1110	250.95
110000	1000	18	1110	250.92
111000	1000	977	1110	254.6
112000	1000	372	1110	254.31
113000	1000	625	1110	257.52
114000	1000	383	1110	257.49
115000	1000	619	1110	260.8
116000	1000	323	1110	260.92
117000	1000	673	1110	263.8
118000	1000	648	1110	264.16
119000	1000	347	1110	267.38
120000	1000	636	1110	267.6
121000	1000	359	1110	270.41
122000	1000	656	1110	270.58
123000	1000	342	1110	273.85
124000	1000	461	1110	273.78
125000	1000	538	1110	276.9
126000	1000	868	1110	277.18
127000	1000	123	1110	280.48
128000	1000	584	1110	280.43
129000	1000	428	1110	283.55
130000	1000	156	1110	283.38
131000	1000	842	1110	286.11
132000	1000	176	1110	286.65
133000	1000	834	1110	289.22
134000	1000	605	1110	289.7
135000	1000	388	1110	292.72
136000	1000	277	1110	292.59
137000	1000	720	1110	295.18
138000	1000	233	1110	295.55
139000	1000	779	1110	298.5
140000	1000	877	1110	298.63
141000	1000	115	1110	301.63
142000	1000	210	1110	301.75
143000	1000	784	1110	304.3
144000	1000	930	1110	304.63
145000	1000	60	1110	307.55
146000	1000	394	1110	307.49
147000	1000	600	1110	310.39
148000	1000	137	1110	310.13
149000	1000	864	1110	312.5
150000	1000	890	1110	312.78
151000	1000	105	1110	315.35
152000	1000	610	1110	315.34
153000	1000	384	1110	317.41
154000	1000	624	1110	317.91
155000	1000	375	1110	320.47
156000	1000	641	1110	320.68
157000	1000	354	1110	323.18
158000	1000	573	1110	323.16
159000	1000	424	1110	325.2
160000	1000	201	1110	325.49
161000	1000	793	1110	328.13
162000	1000	412	1110	328.46
163000	1000	586	1110	331.12
164000	1000	569	1110	331.19
165000	1000	426	1110	334.04
166000	1000	586	1110	333.99
167000	1000	408	1110	336.43
168000	1000	144	1110	336.76
169000	1000	851	1110	339.08
170000	1000	50	1110	339.35
171000	1000	948	1110	341.97
172000	1000	427	1110	342.04
173000	1000	567	1110	344.83
174000	1000	430	1110	344.69
175000	1000	564	1110	347.16
176000	1000	230	1110	347.45
177000	1000	767	1110	349.56
178000	1000	388	1110	349.61
179000	1000	606	1110	352.27
180000	1000	115	1110	352.26
181000	1000	913	1110	354.49
182000	1000	206	1110	354.76
183000	1000	790	1110	357.35
184000	1000	229	1110	357.18
185000	1000	768	1110	359.22
186000	1000	538	1110	359.78
187000	1000	463	1110	362.13
188000	1000	547	1110	362.2
189000	1000	446	1110	364.03
190000	1000	995	1110	364.68
191000	1000	73	1110	366.94
192000	1000	549	1110	367.28
193000	1000	454	1110	369.63
194000	1000	555	1110	369.32
195000	1000	444	1110	371.23
196000	1000	931	1110	371.63
197000	1000	68	1110	373.36
198000	1000	221	1110	373.43
199000	1000	779	1110	375.44
200000	1000	648	1110	375.47
201000	1000	480	1110	377.78
202000	1000	923	1110	377.95
203000	1000	68	1110	379.93
204000	1000	95	1110	379.89
205000	1000	914	1110	381.82
206000	1000	198	1110	381.85
207000	1000	794	1110	383.94
208000	1000	491	1110	384.1
209000	1000	508	1110	386.39
210000	1000	505	1110	386.55
211000	1000	492	1110	388.25
212000	1000	571	1110	388.69
213000	1000	429	1110	390.41
214000	1000	55	1110	390.46
215000	1000	933	1110	392.56
216000	1000	522	1110	392.51
217000	1000	482	1110	394.31
218000	1000	521	1110	395.11
219000	1000	475	1110	396.88
220000	1000	158	1110	397.19
221000	1000	835	1110	398.9
222000	1000	53	1110	399.27
223000	1000	972	1110	401.19
224000	1000	156	1110	401.4
225000	1000	853	1110	403.1
226000	1000	92	1110	403.34
227000	1000	908	1110	405.44
228000	1000	971	1110	405.44
229000	1000	23	1110	406.96
230000	1000	289	1110	407.26
231000	1000	714	1110	409.09
232000	1000	105	1110	409.49
233000	1000	888	1110	411.02
234000	1000	888	1110	411.34
235000	1000	105	1110	413.23
236000	1000	354	1110	413
237000	1000	637	1110	414.56
238000	1000	375	1110	414.8
239000	1000	627	1110	416.78
240000	1000	648	1110	416.96
241000	1000	352	1110	419.36
242000	1000	469	1110	418.77
243000	1000	531	1110	420.64
244000	1000	33	1110	420.6
245000	1000	961	1110	422.61
246000	1000	683	1110	422.39
247000	1000	307	1110	424.1
248000	1000	697	1110	424.41
249000	1000	297	1110	426.25
250000	1000	716	1110	426.08
251000	1000	278	1110	427.6
252000	1000	733	1110	427.99
253000	1000	256	1110	429.66
254000	1000	747	1110	429.64
255000	1000	271	1110	431.26
256000	1000	741	1110	431.06
257000	1000	250	1110	432.49
258000	1000	697	1110	432.66
259000	1000	292	1110	434.1
260000	1000	722	1110	434.22
261000	1000	269	1110	435.78
262000	1000	738	1110	436.16
263000	1000	250	1110	437.39
264000	1000	754	1110	437.83
265000	1000	234	1110	439.49
266000	1000	772	1110	439.62
267000	1000	217	1110	440.92
268000	1000	798	1110	441.24
269000	1000	198	1110	442.64
270000	1000	809	1110	442.78
271000	1000	186	1110	444.23
272000	1000	821	1110	444.06
273000	1000	171	1110	445.22
274000	1000	849	1110	445.83
275000	1000	144	1110	447.47
276000	1000	853	1110	447.63
277000	1000	139	1110	448.44
278000	1000	485	1110	448.95
279000	1000	512	1110	450.13
280000	1000	81	1110	450.39
281000	1000	913	1110	451.4
282000	1000	283	1110	451.53
283000	1000	720	1110	452.68
284000	1000	944	1110	452.9
285000	1000	49	1110	454.22
286000	1000	466	1110	454.58
287000	1000	534	1110	455.71
288000	1000	61	1110	455.92
289000	1000	933	1110	457.17
290000	1000	223	1110	457.15
291000	1000	777	1110	458.22
292000	1000	964	1110	458.39
293000	1000	27	1110	459.48
294000	1000	547	1110	460.04
295000	1000	448	1110	461.26
296000	1000	577	1110	461.41
297000	1000	422	1110	462.56
298000	1000	578	1110	462.56
299000	1000	418	1110	463.95
300000	1000	351	1110	463.94
301000	1000	644	1110	464.67
302000	1000	191	1110	464.8
303000	1000	799	1110	465.99
304000	1000	466	1110	465.97
305000	1000	537	1110	467.11
306000	1000	449	1110	467.06
307000	1000	550	1110	468.18
308000	1000	459	1110	468.47
309000	1000	883	1110	469.88
310000	1000	976	1110	470.18
311000	1000	22	1110	471.33
312000	1000	375	1110	471.4
313000	1000	622	1110	472.49
314000	1000	659	1110	472.92
315000	1000	332	1110	473.87
316000	1000	678	1110	473.97
317000	1000	314	1110	474.91
318000	1000	689	1110	474.86
319000	1000	311	1110	476.21
320000	1000	660	1110	476
321000	1000	337	1110	477.21
322000	1000	464	1110	477.23
323000	1000	760	1110	477.88
324000	1000	303	1110	477.99
325000	1000	693	1110	478.77
326000	1000	330	1110	479.07
327000	1000	665	1110	479.88
328000	1000	214	1110	480.21
329000	1000	796	1110	481.02
330000	1000	551	1110	481.08
331000	1000	512	1110	481.82
332000	1000	238	1110	482.2
333000	1000	822	1110	482.97
334000	1000	192	1110	483.14
335000	1000	803	1110	484.09
336000	1000	93	1110	484.17
337000	1000	901	1110	485.21
338000	1000	331	1110	485.35
339000	1000	662	1110	486.5
340000	1000	351	1110	486.65
341000	1000	644	1110	487.37
342000	1000	110	1110	487.67
343000	1000	914	1110	489.08
344000	1000	173	1110	488.82
345000	1000	883	1110	489.7
346000	1000	43	1110	490.17
347000	1000	954	1110	491.18
348000	1000	571	1110	491.18
349000	1000	424	1110	492.18
350000	1000	591	1110	492.48
351000	1000	405	1110	493.75
352000	1000	281	1110	493.7
353000	1000	711	1110	494.52
354000	1000	236	1110	494.76
355000	1000	823	1110	495.34
356000	1000	184	1110	495.35
357000	1000	803	1110	496.23
358000	1000	113	1110	496.57
359000	1000	946	1110	497.42
360000	1000	576	1110	497.43
361000	1000	421	1110	498.15
362000	1000	596	1110	498.74
363000	1000	398	1110	499.3
364000	1000	524	1110	499.45
365000	1000	475	1110	500.08
366000	1000	944	1110	500.05
367000	1000	47	1110	501.11
368000	1000	576	1110	501.1
369000	1000	419	1110	501.96
370000	1000	283	1110	502
371000	1000	711	1110	502.64
372000	1000	958	1110	502.71
373000	1000	31	1110	503.38
374000	1000	573	1110	503.69
375000	1000	423	1110	504.28
376000	1000	594	1110	504.57
377000	1000	412	1110	505.12
378000	1000	9	1110	505.56
379000	1000	982	1110	506.12
380000	1000	524	1110	506.08
381000	1000	473	1110	506.91
382000	1000	543	1110	507.03
383000	1000	453	1110	508.28
384000	1000	560	1110	508.34
385000	1000	436	1110	509.12
386000	1000	575	1110	509.28
387000	1000	422	1110	509.97
388000	1000	337	1110	510.37
389000	1000	651	1110	511.01
390000	1000	663	1110	511.56
391000	1000	330	1110	512.32
392000	1000	659	1110	512.77
393000	1000	334	1110	513.63
394000	1000	482	1110	513.87
395000	1000	516	1110	514.55
396000	1000	214	1110	514.75
397000	1000	790	1110	515.35
398000	1000	938	1110	515.66
399000	1000	54	1110	516.5
400000	1000	452	1110	516.69
401000	1000	542	1110	517.29
402000	1000	122	1110	517.34
403000	1000	877	1110	517.45
404000	1000	983	1110	517.95
405000	1000	8	1110	518.25
406000	1000	509	1110	518.56
407000	1000	485	1110	519.56
408000	1000	470	1110	519.38
409000	1000	525	1110	520.15
410000	1000	224	1110	520.15
411000	1000	768	1110	520.66
412000	1000	153	1110	521.12
413000	1000	840	1110	521.38
414000	1000	21	1110	521.58
415000	1000	975	1110	522.13
416000	1000	907	1110	522.02
417000	1000	86	1110	522.73
418000	1000	923	1110	522.55
419000	1000	72	1110	522.77
420000	1000	654	1110	522.85
421000	1000	351	1110	523.65
422000	1000	646	1110	523.68
423000	1000	351	1110	524.08
424000	1000	405	1110	524.31
425000	1000	591	1110	524.98
426000	1000	178	1110	525.03
427000	1000	821	1110	525.5
428000	1000	909	1110	525.67
429000	1000	91	1110	525.91
430000	1000	215	1110	526.12
431000	1000	790	1110	526.97
432000	1000	553	1110	527.14
433000	1000	443	1110	527.64
434000	1000	565	1110	527.61
435000	1000	426	1110	528.37
436000	1000	280	1110	528.34
437000	1000	721	1110	528.83
438000	1000	252	1110	529.12
439000	1000	741	1110	529.64
440000	1000	246	1110	529.42
441000	1000	763	1110	529.82
442000	1000	559	1110	530.04
443000	1000	441	1110	530.5
444000	1000	556	1110	530.55
445000	1000	442	1110	530.57
446000	1000	220	1110	530.9
447000	1000	774	1110	531.62
448000	1000	433	1110	531.46
449000	1000	563	1110	532.05
450000	1000	147	1110	532.21
451000	1000	851	1110	532.52
452000	1000	261	1110	532.51
453000	1000	751	1110	532.68
454000	1000	581	1110	533.06
455000	1000	413	1110	533.67
456000	1000	282	1110	533.58
457000	1000	721	1110	533.77
458000	1000	245	1110	534.37
459000	1000	755	1110	535.13
460000	1000	954	1110	534.96
461000	1000	46	1110	535.44
462000	1000	892	1110	535.89
463000	1000	104	1110	536.23
464000	1000	34	1110	536.51
465000	1000	961	1110	536.99
466000	1000	555	1110	537.43
467000	1000	438	1110	537.85
468000	1000	571	1110	537.69
469000	1000	426	1110	538.22
470000	1000	278	1110	538.37
471000	1000	720	1110	539.18
472000	1000	369	1110	538.91
473000	1000	625	1110	539.14
474000	1000	397	1110	539.12
475000	1000	593	1110	539.32
476000	1000	421	1110	539.8
477000	1000	578	1110	540.13
478000	1000	335	1110	540.39
479000	1000	657	1110	540.73
480000	1000	157	1110	540.89
481000	1000	840	1110	541.46
482000	1000	31	1110	541.35
483000	1000	968	1110	541.53
484000	1000	64	1110	541.53
485000	1000	933	1110	542.16
486000	1000	233	1110	542.17
487000	1000	764	1110	542.46
488000	1000	189	1110	542.66
489000	1000	809	1110	543.02
490000	1000	187	1110	543.01
491000	1000	808	1110	543.51
492000	1000	289	1110	543.39
493000	1000	722	1110	543.8
494000	1000	195	1110	543.72
495000	1000	801	1110	544.09
496000	1000	105	1110	544.19
497000	1000	890	1110	544.63
498000	1000	308	1110	544.72
499000	1000	690	1110	545.2
500000	1000	984	1110	545.37
501000	1000	11	1110	545.62
502000	1000	910	1110	545.99
503000	1000	83	1110	546.27
504000	1000	908	1110	546.32
505000	1000	80	1110	546.63
506000	1000	525	1110	546.54
507000	1000	473	1110	546.88
508000	1000	542	1110	546.79
509000	1000	474	1110	546.79
510000	1000	187	1110	547.06
511000	1000	818	1110	547.1
512000	1000	949	1110	547.33
513000	1000	45	1110	547.76
514000	1000	310	1110	547.43
515000	1000	683	1110	547.6
516000	1000	586	1110	547.81
517000	1000	414	1110	547.67
518000	1000	304	1110	548.05
519000	1000	694	1110	548.36
520000	1000	315	1110	548.61
521000	1000	677	1110	548.89
522000	1000	74	1110	549.36
523000	1000	922	1110	549.26
524000	1000	72	1110	549.5
525000	1000	923	1110	549.65
526000	1000	587	1110	550.09
527000	1000	408	1110	550.57
528000	1000	759	1110	550.71
529000	1000	230	1110	550.86
530000	1000	783	1110	550.93
531000	1000	211	1110	551.83
532000	1000	801	1110	551.65
533000	1000	189	1110	551.87
534000	1000	817	1110	552.22
535000	1000	171	1110	552.04
536000	1000	843	1110	552.46
537000	1000	147	1110	552.67
538000	1000	864	1110	552.95
539000	1000	120	1110	553.32
540000	1000	622	1110	553.27
541000	1000	381	1110	553.71
542000	1000	396	1110	553.66
543000	1000	597	1110	553.75
544000	1000	527	1110	554.11
545000	1000	468	1110	554.59
546000	1000	404	1110	554.51
547000	1000	595	1110	554.7
548000	1000	420	1110	554.87
549000	1000	574	1110	555.08
550000	1000	416	1110	555.31
551000	1000	582	1110	555.82
552000	1000	595	1110	556.25
553000	1000	399	1110	556.57
554000	1000	601	1110	556.85
555000	1000	393	1110	557.15
556000	1000	630	1110	557.54
557000	1000	369	1110	557.72
558000	1000	587	1110	557.41
559000	1000	419	1110	557.75
560000	1000	242	1110	557.89
561000	1000	755	1110	558.38
562000	1000	248	1110	558.46
563000	1000	742	1110	558.77
564000	1000	280	1110	558.98
565000	1000	729	1110	559.21
566000	1000	488	1110	559
567000	1000	510	1110	559.03
568000	1000	360	1110	559.44
569000	1000	636	1110	559.74
570000	1000	247	1110	559.86
571000	1000	763	1110	560.21
572000	1000	220	1110	560.18
573000	1000	769	1110	560.44
574000	1000	608	1110	560.22
575000	1000	434	1110	560.61
576000	1000	300	1110	560.67
577000	1000	692	1110	560.61
578000	1000	986	1110	560.92
579000	1000	3	1110	560.74
580000	1000	640	1110	561.14
581000	1000	357	1110	561.68
582000	1000	652	1110	561.66
583000	1000	406	1110	562.2
584000	1000	33	1110	561.95
585000	1000	967	1110	562.01
586000	1000	31	1110	562.16
587000	1000	962	1110	562.48
588000	1000	59	1110	562.83
589000	1000	938	1110	563.05
590000	1000	951	1110	563.2
591000	1000	42	1110	563.53
592000	1000	283	1110	563.48
593000	1000	720	1110	563.42
594000	1000	273	1110	563.36
595000	1000	726	1110	563.59
596000	1000	568	1110	563.86
597000	1000	429	1110	564
598000	1000	267	1110	564
599000	1000	734	1110	563.74
600000	1000	877	1110	564.29
