time	clients	active	ids	slots
1000	101	101	73	0.96
2000	200	99	208	1.96
3000	301	198	348	2.91
4000	400	200	462	3.95
5000	501	301	567	4.84
6000	601	301	670	5.86
7000	701	400	769	6.89
8000	800	401	872	7.88
9000	901	502	972	8.86
10000	1001	500	1071	9.77
11000	1101	600	1171	10.77
12000	1201	600	1272	11.87
13000	1301	701	1373	12.84
14000	1401	701	1471	13.9
15000	1501	799	1572	14.73
16000	1600	799	1673	15.94
17000	1700	900	1772	16.87
18000	1800	902	1869	17.86
19000	1901	1001	1973	18.8
20000	2001	1000	2072	19.78
21000	2101	1102	2171	20.59
22000	2201	1100	2273	21.51
23000	2301	1199	2372	22.58
24000	2401	1201	2473	23.67
25000	2501	1304	2572	24.49
26000	2601	1300	2673	25.66
27000	2701	1399	2773	26.73
28000	2800	1400	2873	27.82
29000	2901	1499	2972	28.55
30000	3001	1500	3073	29.64
31000	3101	1601	3174	30.74
32000	3200	1601	3273	31.73
33000	3300	1696	3373	32.74
34000	3400	1702	3473	33.64
35000	3500	1799	3572	34.75
36000	3600	1799	3673	35.81
37000	3700	1903	3771	36.56
38000	3800	1898	3873	37.54
39000	3900	2003	3973	38.43
40000	4000	1997	4073	39.44
41000	4100	2105	4173	40.31
42000	4200	2098	4273	41.38
43000	4301	2202	4374	42.15
44000	4401	2197	4474	43.33
45000	4501	2299	4572	44.14
46000	4601	2299	4674	45.18
47000	4701	2403	4773	46.01
48000	4801	2403	4873	47.25
49000	4901	2500	4972	48.11
50000	5001	2499	5075	49.08
51000	5101	2601	5173	50.29
52000	5201	2600	5274	51.36
53000	5301	2700	5372	52.27
54000	5401	2700	5473	53.24
55000	5501	2801	5573	54.38
56000	5601	2801	5674	55.39
57000	5701	2901	5772	56.4
58000	5801	2897	5873	57.43
59000	5901	3002	5973	58.42
60000	6001	3004	6074	59.35
61000	6101	3093	6172	60.48
62000	6201	3101	6274	61.44
63000	6300	3199	6372	62.56
64000	6400	3200	6473	63.4
65000	6500	3299	6574	64.35
66000	6600	3300	6673	65.28
67000	6700	3400	6773	66.43
68000	6800	3400	6872	67.38
69000	6900	3497	6973	68.3
70000	7000	3505	7073	69.48
71000	7100	3594	7172	70.43
72000	7200	3607	7274	71.41
73000	7300	3697	7374	72.2
74000	7400	3704	7473	73.27
75000	7500	3797	7573	74.39
76000	7600	3802	7673	75.22
77000	7700	3898	7774	76.07
78000	7800	3903	7872	77.1
79000	7900	3996	7972	78.06
80000	8000	4009	8073	78.98
81000	8101	4090	8171	79.76
82000	8201	4110	8273	80.65
83000	8301	4187	8372	81.51
84000	8401	4219	8473	82.6
85000	8501	4286	8573	83.29
86000	8601	4312	8672	84.38
87000	8701	4392	8775	85.28
88000	8801	4406	8872	86.61
89000	8901	4494	8971	87.33
90000	9001	4505	9072	88.01
91000	9101	4603	9173	89.02
92000	9201	4596	9272	90.1
93000	9301	4702	9372	90.97
94000	9400	4702	9473	92.26
95000	9501	4800	9571	93.27
96000	9600	4799	9672	94.24
97000	9701	4903	9772	95.23
98000	9801	4897	9872	96.13
99000	9901	5002	9975	97.18
100000	10001	4999	10073	98.02
101000	10101	5103	10171	99.18
102000	10201	5100	10273	100.25
103000	10301	5202	10372	101.39
104000	10401	5201	10472	102.48
105000	10501	5300	10574	103.36
106000	10601	5303	10672	104.41
107000	10701	5397	10772	105.53
108000	10801	5405	10873	106.66
109000	10901	5494	10972	107.41
110000	11001	5502	11073	108.47
111000	11101	5598	11173	109.57
112000	11201	5604	11273	110.53
113000	11301	5704	11373	111.49
114000	11401	5701	11472	112.62
115000	11501	5798	11574	113.54
116000	11601	5798	11672	114.63
117000	11701	5901	11770	115.55
118000	11801	5898	11874	116.83
119000	11901	6002	11973	117.72
120000	12001	6000	12074	118.64
121000	12101	6103	12172	119.72
122000	12201	6100	12274	120.8
123000	12301	6197	12371	121.85
124000	12401	6202	12472	122.87
125000	12501	6300	12572	123.79
