time	clients	active	ids	slots
1000	1000	235	1110	10
2000	1000	331	1110	10
3000	1000	63	1110	10
4000	1000	20	1110	10
5000	1000	828	1110	10
6000	1000	254	1110	10
7000	1000	321	1110	10
8000	1000	630	1110	10
9000	1000	732	1110	10
10000	1000	296	1110	10
11000	1000	305	1110	10
12000	1000	788	1110	10
13000	1000	213	1110	10
14000	1000	403	1110	10
15000	1000	61	1110	10
16000	1000	612	1110	10
17000	1000	969	1110	10
18000	1000	63	1110	10
19000	1000	253	1110	10
20000	1000	600	1110	10
21000	1000	948	1110	10
22000	1000	18	1110	10
23000	1000	366	1110	10
24000	1000	42	1110	10
25000	1000	871	1110	10
26000	1000	10	1110	10
27000	1000	611	1110	10
28000	1000	577	1110	10
29000	1000	421	1110	10
30000	1000	732	1110	10
31000	1000	488	1110	10
32000	1000	327	1110	10
33000	1000	336	1110	10
34000	1000	778	1110	10
35000	1000	676	1110	10
36000	1000	949	1110	10
37000	1000	652	1110	10
38000	1000	795	1110	10
39000	1000	293	1110	10
40000	1000	236	1110	10
41000	1000	639	1110	10
42000	1000	152	1110	10
43000	1000	42	1110	10
44000	1000	18	1110	10
45000	1000	600	1110	10
46000	1000	965	1110	10
47000	1000	830	1110	10
48000	1000	973	1110	10
49000	1000	865	1110	10
50000	1000	780	1110	10
51000	1000	896	1110	10
52000	1000	527	1110	10
53000	1000	11	1110	10
54000	1000	811	1110	10
55000	1000	133	1110	10
56000	1000	126	1110	10
57000	1000	357	1110	10
58000	1000	128	1110	10
59000	1000	112	1110	10
60000	1000	661	1110	10
61000	1000	693	1110	10
62000	1000	940	1110	10
63000	1000	634	1110	10
64000	1000	812	1110	10
65000	1000	95	1110	10
66000	1000	592	1110	10
67000	1000	105	1110	10
68000	1000	807	1110	10
69000	1000	656	1110	10
70000	1000	254	1110	10
71000	1000	624	1110	10
72000	1000	327	1110	10
73000	1000	483	1110	10
74000	1000	275	1110	10
75000	1000	132	1110	10
76000	1000	574	1110	10
77000	1000	85	1110	10
78000	1000	30	1110	10
79000	1000	636	1110	10
80000	1000	465	1110	10
81000	1000	690	1110	10
82000	1000	27	1110	10
83000	1000	326	1110	10
84000	1000	444	1110	10
85000	1000	35	1110	10
86000	1000	321	1110	10
87000	1000	846	1110	10
88000	1000	970	1110	10
89000	1000	278	1110	10
90000	1000	732	1110	10
91000	1000	703	1110	10
92000	1000	217	1110	10
93000	1000	173	1110	10
94000	1000	713	1110	10
95000	1000	891	1110	10
96000	1000	861	1110	10
97000	1000	29	1110	10
98000	1000	940	1110	10
99000	1000	971	1110	10
100000	1000	715	1110	10
101000	1000	320	1110	10
102000	1000	470	1110	10
103000	1000	893	1110	10
104000	1000	888	1110	10
105000	1000	216	1110	10
106000	1000	801	1110	10
107000	1000	822	1110	10
108000	1000	28	1110	10
109000	1000	681	1110	10
110000	1000	296	1110	10
111000	1000	373	1110	10
112000	1000	106	1110	10
113000	1000	90	1110	10
114000	1000	502	1110	10
115000	1000	282	1110	10
116000	1000	754	1110	10
117000	1000	311	1110	10
118000	1000	56	1110	10
119000	1000	721	1110	10
120000	1000	193	1110	10
121000	1000	582	1110	10
122000	1000	759	1110	10
123000	1000	350	1110	10
124000	1000	407	1110	10
125000	1000	400	1110	10
126000	1000	337	1110	10
127000	1000	567	1110	10
128000	1000	924	1110	10
129000	1000	478	1110	10
130000	1000	647	1110	10
131000	1000	94	1110	10
132000	1000	472	1110	10
133000	1000	572	1110	10
134000	1000	134	1110	10
135000	1000	899	1110	10
136000	1000	918	1110	10
137000	1000	626	1110	10
138000	1000	79	1110	10
139000	1000	305	1110	10
140000	1000	861	1110	10
141000	1000	80	1110	10
142000	1000	467	1110	10
143000	1000	840	1110	10
144000	1000	204	1110	10
145000	1000	323	1110	10
146000	1000	92	1110	10
147000	1000	637	1110	10
148000	1000	601	1110	10
149000	1000	972	1110	10
150000	1000	138	1110	10
151000	1000	371	1110	10
152000	1000	594	1110	10
153000	1000	696	1110	10
154000	1000	919	1110	10
155000	1000	431	1110	10
156000	1000	390	1110	10
157000	1000	490	1110	10
158000	1000	997	1110	10
159000	1000	575	1110	10
160000	1000	284	1110	10
161000	1000	500	1110	10
162000	1000	112	1110	10
163000	1000	64	1110	10
164000	1000	121	1110	10
165000	1000	489	1110	10
166000	1000	757	1110	10
167000	1000	134	1110	10
168000	1000	720	1110	10
169000	1000	800	1110	10
170000	1000	277	1110	10
171000	1000	275	1110	10
172000	1000	749	1110	10
173000	1000	508	1110	10
174000	1000	575	1110	10
175000	1000	77	1110	10
176000	1000	790	1110	10
177000	1000	289	1110	10
178000	1000	542	1110	10
179000	1000	44	1110	10
180000	1000	68	1110	10
181000	1000	722	1110	10
182000	1000	729	1110	10
183000	1000	438	1110	10
184000	1000	425	1110	10
185000	1000	899	1110	10
186000	1000	192	1110	10
187000	1000	774	1110	10
188000	1000	563	1110	10
189000	1000	905	1110	10
190000	1000	488	1110	10
191000	1000	531	1110	10
192000	1000	901	1110	10
193000	1000	43	1110	10
194000	1000	143	1110	10
195000	1000	744	1110	10
196000	1000	244	1110	10
197000	1000	98	1110	10
198000	1000	823	1110	10
199000	1000	379	1110	10
200000	1000	394	1110	10
201000	1000	660	1110	10
202000	1000	212	1110	10
203000	1000	973	1110	10
204000	1000	910	1110	10
205000	1000	383	1110	10
206000	1000	363	1110	10
207000	1000	431	1110	10
208000	1000	771	1110	10
209000	1000	519	1110	10
210000	1000	515	1110	10
211000	1000	753	1110	10
212000	1000	998	1110	10
213000	1000	280	1110	10
214000	1000	51	1110	10
215000	1000	665	1110	10
216000	1000	925	1110	10
217000	1000	17	1110	10
218000	1000	932	1110	10
219000	1000	83	1110	10
220000	1000	466	1110	10
221000	1000	894	1110	10
222000	1000	162	1110	10
223000	1000	697	1110	10
224000	1000	767	1110	10
225000	1000	348	1110	10
226000	1000	810	1110	10
227000	1000	515	1110	10
228000	1000	409	1110	10
229000	1000	111	1110	10
230000	1000	774	1110	10
231000	1000	994	1110	10
232000	1000	633	1110	10
233000	1000	650	1110	10
234000	1000	944	1110	10
235000	1000	232	1110	10
236000	1000	760	1110	10
237000	1000	833	1110	10
238000	1000	180	1110	10
239000	1000	686	1110	10
240000	1000	347	1110	10
241000	1000	81	1110	10
242000	1000	120	1110	10
243000	1000	737	1110	10
244000	1000	145	1110	10
245000	1000	918	1110	10
246000	1000	293	1110	10
247000	1000	741	1110	10
248000	1000	467	1110	10
249000	1000	169	1110	10
250000	1000	664	1110	10
251000	1000	554	1110	10
252000	1000	217	1110	10
253000	1000	565	1110	10
254000	1000	469	1110	10
255000	1000	646	1110	10
256000	1000	145	1110	10
257000	1000	728	1110	10
258000	1000	237	1110	10
259000	1000	70	1110	10
260000	1000	457	1110	10
261000	1000	195	1110	10
262000	1000	747	1110	10
263000	1000	104	1110	10
264000	1000	610	1110	10
265000	1000	343	1110	10
266000	1000	162	1110	10
267000	1000	408	1110	10
268000	1000	844	1110	10
269000	1000	74	1110	10
270000	1000	704	1110	10
271000	1000	786	1110	10
272000	1000	258	1110	10
273000	1000	506	1110	10
274000	1000	141	1110	10
275000	1000	372	1110	10
276000	1000	524	1110	10
277000	1000	267	1110	10
278000	1000	617	1110	10
279000	1000	699	1110	10
280000	1000	288	1110	10
281000	1000	716	1110	10
282000	1000	784	1110	10
283000	1000	583	1110	10
284000	1000	158	1110	10
285000	1000	782	1110	10
286000	1000	213	1110	10
287000	1000	68	1110	10
288000	1000	896	1110	10
289000	1000	21	1110	10
290000	1000	75	1110	10
291000	1000	287	1110	10
292000	1000	773	1110	10
293000	1000	706	1110	10
294000	1000	280	1110	10
295000	1000	414	1110	10
296000	1000	656	1110	10
297000	1000	416	1110	10
298000	1000	643	1110	10
299000	1000	872	1110	10
300000	1000	145	1110	10
301000	1000	101	1110	10
302000	1000	449	1110	10
303000	1000	429	1110	10
304000	1000	483	1110	10
305000	1000	901	1110	10
306000	1000	387	1110	10
307000	1000	515	1110	10
308000	1000	452	1110	10
309000	1000	386	1110	10
310000	1000	413	1110	10
311000	1000	393	1110	10
312000	1000	386	1110	10
313000	1000	846	1110	10
314000	1000	990	1110	10
315000	1000	548	1110	10
316000	1000	589	1110	10
317000	1000	823	1110	10
318000	1000	35	1110	10
319000	1000	368	1110	10
320000	1000	144	1110	10
321000	1000	850	1110	10
322000	1000	264	1110	10
323000	1000	136	1110	10
324000	1000	848	1110	10
325000	1000	449	1110	10
326000	1000	1	1110	10
327000	1000	35	1110	10
328000	1000	235	1110	10
329000	1000	275	1110	10
330000	1000	806	1110	10
331000	1000	231	1110	10
332000	1000	496	1110	10
333000	1000	26	1110	10
334000	1000	755	1110	10
335000	1000	107	1110	10
336000	1000	583	1110	10
337000	1000	603	1110	10
338000	1000	329	1110	10
339000	1000	202	1110	10
340000	1000	790	1110	10
341000	1000	608	1110	10
342000	1000	269	1110	10
343000	1000	115	1110	10
344000	1000	400	1110	10
345000	1000	336	1110	10
346000	1000	9	1110	10
347000	1000	230	1110	10
348000	1000	27	1110	10
349000	1000	771	1110	10
350000	1000	37	1110	10
351000	1000	246	1110	10
352000	1000	522	1110	10
353000	1000	766	1110	10
354000	1000	450	1110	10
355000	1000	81	1110	10
356000	1000	34	1110	10
357000	1000	428	1110	10
358000	1000	701	1110	10
359000	1000	443	1110	10
360000	1000	178	1110	10
361000	1000	356	1110	10
362000	1000	60	1110	10
363000	1000	728	1110	10
364000	1000	829	1110	10
365000	1000	807	1110	10
366000	1000	590	1110	10
367000	1000	754	1110	10
368000	1000	285	1110	10
369000	1000	871	1110	10
370000	1000	931	1110	10
371000	1000	752	1110	10
372000	1000	775	1110	10
373000	1000	95	1110	10
374000	1000	665	1110	10
375000	1000	633	1110	10
376000	1000	207	1110	10
377000	1000	75	1110	10
378000	1000	263	1110	10
379000	1000	160	1110	10
380000	1000	490	1110	10
381000	1000	899	1110	10
382000	1000	977	1110	10
383000	1000	14	1110	10
384000	1000	965	1110	10
385000	1000	38	1110	10
386000	1000	392	1110	10
387000	1000	807	1110	10
388000	1000	935	1110	10
389000	1000	224	1110	10
390000	1000	851	1110	10
391000	1000	20	1110	10
392000	1000	8	1110	10
393000	1000	528	1110	10
394000	1000	725	1110	10
395000	1000	494	1110	10
396000	1000	554	1110	10
397000	1000	114	1110	10
398000	1000	819	1110	10
399000	1000	570	1110	10
400000	1000	473	1110	10
401000	1000	110	1110	10
402000	1000	342	1110	10
403000	1000	223	1110	10
404000	1000	738	1110	10
405000	1000	986	1110	10
406000	1000	856	1110	10
407000	1000	613	1110	10
408000	1000	951	1110	10
409000	1000	741	1110	10
410000	1000	395	1110	10
411000	1000	599	1110	10
412000	1000	112	1110	10
413000	1000	991	1110	10
414000	1000	184	1110	10
415000	1000	212	1110	10
416000	1000	671	1110	10
417000	1000	777	1110	10
418000	1000	965	1110	10
419000	1000	351	1110	10
420000	1000	798	1110	10
421000	1000	636	1110	10
422000	1000	474	1110	10
423000	1000	649	1110	10
424000	1000	570	1110	10
425000	1000	972	1110	10
426000	1000	486	1110	10
427000	1000	866	1110	10
428000	1000	238	1110	10
429000	1000	843	1110	10
430000	1000	166	1110	10
431000	1000	407	1110	10
432000	1000	514	1110	10
433000	1000	839	1110	10
434000	1000	771	1110	10
435000	1000	718	1110	10
436000	1000	357	1110	10
437000	1000	559	1110	10
438000	1000	444	1110	10
439000	1000	971	1110	10
440000	1000	692	1110	10
441000	1000	838	1110	10
442000	1000	9	1110	10
443000	1000	187	1110	10
444000	1000	553	1110	10
445000	1000	265	1110	10
446000	1000	474	1110	10
447000	1000	799	1110	10
448000	1000	536	1110	10
449000	1000	965	1110	10
450000	1000	813	1110	10
451000	1000	858	1110	10
452000	1000	302	1110	10
453000	1000	350	1110	10
454000	1000	262	1110	10
455000	1000	818	1110	10
456000	1000	153	1110	10
457000	1000	965	1110	10
458000	1000	937	1110	10
459000	1000	750	1110	10
460000	1000	900	1110	10
461000	1000	822	1110	10
462000	1000	134	1110	10
463000	1000	425	1110	10
464000	1000	595	1110	10
465000	1000	438	1110	10
466000	1000	100	1110	10
467000	1000	787	1110	10
468000	1000	925	1110	10
469000	1000	15	1110	10
470000	1000	643	1110	10
471000	1000	287	1110	10
472000	1000	603	1110	10
473000	1000	1	1110	10
474000	1000	760	1110	10
475000	1000	216	1110	10
476000	1000	334	1110	10
477000	1000	513	1110	10
478000	1000	694	1110	10
479000	1000	859	1110	10
480000	1000	287	1110	10
481000	1000	26	1110	10
482000	1000	98	1110	10
483000	1000	157	1110	10
484000	1000	603	1110	10
485000	1000	9	1110	10
486000	1000	428	1110	10
487000	1000	219	1110	10
488000	1000	514	1110	10
489000	1000	853	1110	10
490000	1000	82	1110	10
491000	1000	752	1110	10
492000	1000	37	1110	10
493000	1000	917	1110	10
494000	1000	389	1110	10
495000	1000	903	1110	10
496000	1000	400	1110	10
497000	1000	51	1110	10
498000	1000	623	1110	10
499000	1000	272	1110	10
500000	1000	513	1110	10
501000	1000	1	1110	10
502000	1000	46	1110	10
503000	1000	410	1110	10
504000	1000	348	1110	10
505000	1000	290	1110	10
506000	1000	616	1110	10
507000	1000	2	1110	10
508000	1000	724	1110	10
509000	1000	814	1110	10
510000	1000	85	1110	10
511000	1000	824	1110	10
512000	1000	743	1110	10
513000	1000	174	1110	10
514000	1000	758	1110	10
515000	1000	126	1110	10
516000	1000	615	1110	10
517000	1000	646	1110	10
518000	1000	456	1110	10
519000	1000	19	1110	10
520000	1000	389	1110	10
521000	1000	668	1110	10
522000	1000	972	1110	10
523000	1000	702	1110	10
524000	1000	963	1110	10
525000	1000	716	1110	10
526000	1000	202	1110	10
527000	1000	476	1110	10
528000	1000	607	1110	10
529000	1000	657	1110	10
530000	1000	119	1110	10
531000	1000	632	1110	10
532000	1000	475	1110	10
533000	1000	903	1110	10
534000	1000	949	1110	10
535000	1000	732	1110	10
536000	1000	784	1110	10
537000	1000	253	1110	10
538000	1000	770	1110	10
539000	1000	935	1110	10
540000	1000	667	1110	10
541000	1000	671	1110	10
542000	1000	93	1110	10
543000	1000	591	1110	10
544000	1000	660	1110	10
545000	1000	989	1110	10
546000	1000	740	1110	10
547000	1000	778	1110	10
548000	1000	426	1110	10
549000	1000	383	1110	10
550000	1000	495	1110	10
551000	1000	492	1110	10
552000	1000	336	1110	10
553000	1000	460	1110	10
554000	1000	848	1110	10
555000	1000	201	1110	10
556000	1000	803	1110	10
557000	1000	64	1110	10
558000	1000	912	1110	10
559000	1000	855	1110	10
560000	1000	62	1110	10
561000	1000	700	1110	10
562000	1000	384	1110	10
563000	1000	441	1110	10
564000	1000	565	1110	10
565000	1000	541	1110	10
566000	1000	48	1110	10
567000	1000	970	1110	10
568000	1000	298	1110	10
569000	1000	698	1110	10
570000	1000	140	1110	10
571000	1000	39	1110	10
572000	1000	302	1110	10
573000	1000	377	1110	10
574000	1000	711	1110	10
575000	1000	899	1110	10
576000	1000	828	1110	10
577000	1000	376	1110	10
578000	1000	839	1110	10
579000	1000	962	1110	10
580000	1000	966	1110	10
581000	1000	357	1110	10
582000	1000	775	1110	10
583000	1000	753	1110	10
584000	1000	329	1110	10
585000	1000	224	1110	10
586000	1000	318	1110	10
587000	1000	967	1110	10
588000	1000	408	1110	10
589000	1000	739	1110	10
590000	1000	276	1110	10
591000	1000	338	1110	10
592000	1000	204	1110	10
593000	1000	636	1110	10
594000	1000	197	1110	10
595000	1000	373	1110	10
596000	1000	312	1110	10
597000	1000	546	1110	10
598000	1000	505	1110	10
599000	1000	26	1110	10
600000	1000	770	1110	10
