time	clients	active	ids	slots
1000	1024	1023	1164	10.2
2000	1028	1027	1259	10.29
3000	1021	1021	1362	10.3
4000	1025	1025	1462	10.43
5000	1017	1017	1561	10.48
6000	1018	1017	1661	10.58
7000	1020	1019	1760	10.68
8000	1021	1021	1863	10.74
9000	1025	1025	1962	10.86
10000	1023	1023	2062	10.98
11000	1024	1024	2162	11
12000	1019	1019	2262	11.18
13000	1020	1020	2359	11.31
14000	1025	1025	2460	11.43
15000	1023	1023	2562	11.49
16000	1016	1016	2661	11.54
17000	1024	1023	2760	11.72
18000	1023	1023	2862	11.74
19000	1023	1023	2961	11.82
20000	1024	1024	3061	11.93
21000	1022	1022	3159	12.05
22000	1020	1020	3259	12.12
23000	1023	1023	3360	12.3
24000	1022	1022	3458	12.35
25000	1018	1018	3561	12.45
26000	1020	1020	3657	12.55
27000	1016	1016	3758	12.7
28000	1022	1022	3859	12.8
29000	1021	1021	3961	12.91
30000	1019	1019	4059	13
31000	1017	1017	4160	13.16
32000	1018	1018	4260	13.24
33000	1018	1018	4359	13.39
34000	1019	1019	4459	13.57
35000	1018	1018	4560	13.64
36000	1017	1017	4661	13.75
37000	1016	1016	4761	13.89
38000	1020	1020	4860	14.02
39000	1016	1016	4957	14.18
40000	1019	1019	5059	14.25
41000	1020	1020	5159	14.33
42000	1023	1023	5260	14.4
43000	1024	1024	5359	14.48
44000	1021	1021	5457	14.54
45000	1021	1021	5560	14.56
46000	1022	1022	5659	14.69
47000	1023	1023	5759	14.77
48000	1020	1020	5858	14.74
49000	1014	1014	5958	14.88
50000	1019	1019	6060	15.01
51000	1020	1020	6159	15.06
52000	1017	1017	6260	15.2
53000	1023	1023	6360	15.26
54000	1017	1017	6460	15.44
55000	1020	1020	6559	15.49
56000	1019	1019	6660	15.64
57000	1022	1022	6761	15.71
58000	1015	1015	6859	15.77
59000	1019	1019	6959	15.9
60000	1019	1019	7059	16.04
61000	1019	1019	7160	16.1
62000	1022	1022	7258	16.16
63000	1023	1022	7360	16.27
64000	1019	1019	7459	16.36
65000	1020	1020	7560	16.47
66000	1022	1022	7660	16.59
67000	1018	1018	7760	16.62
68000	1021	1021	7859	16.76
69000	1021	1021	7959	16.81
70000	1023	1023	8058	16.89
71000	1018	1018	8158	16.93
72000	1016	1016	8258	17.08
73000	1018	1018	8360	17.18
74000	1026	1026	8459	17.29
75000	1017	1017	8559	17.41
76000	1021	1021	8659	17.49
77000	1020	1020	8757	17.6
78000	1024	1024	8859	17.71
79000	1021	1021	8958	17.82
80000	1016	1016	9059	17.88
81000	1022	1022	9159	18.01
82000	1018	1018	9258	18.11
83000	1020	1020	9358	18.28
84000	1017	1017	9460	18.37
85000	1017	1017	9557	18.41
86000	1022	1022	9659	18.59
87000	1020	1019	9760	18.71
88000	1021	1021	9860	18.79
89000	1016	1016	9959	18.89
90000	1022	1022	10058	19
91000	1020	1020	10159	19.05
92000	1019	1019	10258	19.13
93000	1018	1018	10358	19.3
94000	1024	1024	10460	19.44
95000	1020	1020	10559	19.51
96000	1024	1024	10660	19.56
97000	1022	1022	10759	19.68
98000	1020	1020	10861	19.74
99000	1023	1023	10958	19.8
100000	1021	1021	11057	19.86
101000	1021	1020	11158	19.95
102000	1022	1022	11260	20.08
103000	1017	1017	11360	20.13
104000	1018	1018	11457	20.27
105000	1020	1020	11557	20.31
106000	1021	1021	11658	20.41
107000	1024	1024	11758	20.47
108000	1016	1015	11856	20.57
109000	1020	1020	11958	20.66
110000	1017	1016	12058	20.79
111000	1020	1020	12158	20.96
112000	1021	1021	12258	21.02
113000	1021	1021	12359	21.12
114000	1021	1021	12458	21.27
115000	1019	1019	12560	21.38
116000	1024	1024	12660	21.48
117000	1019	1019	12756	21.52
118000	1016	1015	12859	21.59
119000	1021	1021	12959	21.74
120000	1014	1014	13060	21.85
121000	1018	1018	13159	21.97
122000	1018	1018	13257	22.05
123000	1022	1022	13360	22.11
124000	1023	1023	13461	22.2
125000	1020	1020	13560	22.28
126000	1019	1018	13660	22.37
127000	1019	1019	13761	22.47
128000	1017	1017	13859	22.67
129000	1020	1020	13959	22.75
130000	1020	1020	14060	22.87
131000	1022	1022	14159	22.93
132000	1022	1022	14258	23.04
133000	1022	1022	14359	23.12
134000	1025	1024	14459	23.15
135000	1016	1016	14558	23.26
136000	1022	1022	14659	23.39
137000	1022	1022	14759	23.51
138000	1023	1023	14857	23.62
139000	1021	1021	14959	23.77
140000	1019	1019	15059	23.81
141000	1021	1021	15159	23.94
142000	1022	1022	15259	24.01
143000	1017	1017	15359	24.19
144000	1022	1022	15459	24.35
145000	1016	1016	15559	24.43
146000	1018	1018	15659	24.58
147000	1018	1018	15758	24.75
148000	1019	1019	15858	24.85
149000	1017	1017	15959	24.99
150000	1018	1018	16058	25.05
151000	1019	1019	16159	25.12
152000	1022	1022	16258	25.2
153000	1024	1024	16359	25.29
154000	1020	1020	16458	25.4
155000	1021	1021	16560	25.45
156000	1020	1020	16659	25.54
157000	1022	1022	16757	25.68
158000	1016	1016	16857	25.78
159000	1024	1024	16956	25.92
160000	1021	1021	17058	25.99
161000	1024	1024	17157	26.11
162000	1020	1020	17258	26.21
163000	1023	1023	17357	26.37
164000	1019	1018	17457	26.43
165000	1021	1021	17557	26.58
166000	1022	1022	17659	26.7
167000	1024	1024	17757	26.81
168000	1019	1019	17858	26.89
169000	1018	1018	17958	26.91
170000	1019	1019	18057	27
171000	1020	1020	18156	27.07
172000	1019	1019	18256	27.14
173000	1019	1019	18357	27.22
174000	1024	1024	18456	27.35
175000	1022	1022	18558	27.47
176000	1020	1020	18656	27.48
177000	1017	1017	18755	27.47
178000	1022	1022	18857	27.59
179000	1022	1022	18956	27.68
180000	1022	1022	19058	27.77
181000	1022	1022	19157	27.89
182000	1022	1022	19256	28.02
183000	1018	1018	19357	28.07
184000	1024	1024	19456	28.09
185000	1028	1028	19557	28.22
186000	1016	1016	19657	28.29
187000	1020	1020	19754	28.47
188000	1021	1021	19856	28.54
189000	1018	1018	19956	28.65
190000	1021	1021	20056	28.67
191000	1020	1020	20156	28.81
192000	1023	1023	20256	28.96
193000	1021	1021	20356	29.01
194000	1019	1019	20455	29.1
195000	1018	1018	20554	29.25
196000	1021	1021	20656	29.43
197000	1020	1020	20756	29.54
198000	1022	1022	20855	29.64
199000	1020	1020	20956	29.72
200000	1022	1022	21057	29.87
201000	1019	1019	21155	30.01
202000	1021	1021	21255	30.13
203000	1022	1022	21356	30.23
204000	1017	1017	21455	30.31
205000	1022	1022	21556	30.41
206000	1024	1024	21658	30.45
207000	1020	1020	21755	30.51
208000	1017	1017	21856	30.56
209000	1022	1022	21955	30.68
210000	1022	1022	22056	30.69
211000	1021	1021	22154	30.8
212000	1018	1018	22255	30.91
213000	1021	1021	22354	31.04
214000	1021	1021	22455	31.12
215000	1018	1018	22553	31.19
216000	1022	1022	22656	31.28
217000	1019	1019	22755	31.38
218000	1019	1019	22856	31.48
219000	1021	1021	22953	31.67
220000	1027	1027	23054	31.68
221000	1019	1019	23152	31.8
222000	1018	1018	23255	31.86
223000	1017	1017	23351	31.93
224000	1020	1020	23455	31.98
225000	1020	1020	23554	32.11
226000	1020	1020	23653	32.26
227000	1018	1017	23751	32.38
228000	1013	1013	23852	32.45
229000	1018	1018	23952	32.6
230000	1020	1020	24054	32.7
231000	1019	1019	24152	32.77
232000	1021	1021	24252	32.87
233000	1019	1019	24352	32.96
234000	1020	1020	24452	33.07
235000	1025	1025	24554	33.1
236000	1019	1019	24653	33.26
237000	1019	1019	24754	33.31
238000	1019	1019	24852	33.49
239000	1020	1020	24953	33.57
240000	1019	1019	25053	33.69
241000	1018	1018	25152	33.71
242000	1020	1020	25253	33.77
243000	1021	1021	25351	33.9
244000	1020	1020	25452	34
245000	1020	1020	25552	34.09
246000	1020	1020	25651	34.21
247000	1022	1022	25751	34.35
248000	1018	1018	25852	34.46
249000	1021	1021	25950	34.48
250000	1020	1020	26050	34.6
251000	1026	1026	26150	34.68
252000	1019	1019	26251	34.76
253000	1024	1024	26351	34.88
254000	1022	1022	26452	34.95
255000	1018	1018	26549	35.05
256000	1019	1019	26651	35.21
257000	1020	1020	26749	35.25
258000	1015	1015	26849	35.39
259000	1019	1019	26949	35.49
260000	1017	1017	27049	35.56
261000	1022	1022	27148	35.7
262000	1018	1018	27248	35.75
263000	1020	1020	27349	35.84
264000	1021	1021	27447	35.88
265000	1022	1022	27547	36.03
266000	1019	1019	27647	36.18
267000	1024	1024	27746	36.27
268000	1022	1022	27848	36.37
269000	1019	1019	27946	36.52
270000	1022	1022	28046	36.55
271000	1022	1022	28146	36.62
272000	1020	1020	28247	36.67
273000	1021	1021	28346	36.74
274000	1021	1021	28446	36.85
275000	1019	1019	28548	36.98
276000	1023	1023	28647	37.1
277000	1017	1017	28747	37.21
278000	1023	1023	28847	37.22
279000	1019	1019	28947	37.35
280000	1020	1019	29046	37.41
281000	1022	1022	29144	37.53
282000	1020	1020	29247	37.6
283000	1024	1024	29345	37.71
284000	1022	1022	29445	37.75
285000	1019	1019	29545	37.84
286000	1020	1020	29645	37.94
287000	1022	1022	29744	38.09
288000	1019	1019	29844	38.18
289000	1019	1019	29946	38.27
290000	1016	1016	30045	38.42
291000	1017	1017	30147	38.56
292000	1019	1019	30245	38.65
293000	1020	1020	30346	38.69
294000	1021	1021	30446	38.76
295000	1023	1023	30545	38.86
296000	1016	1016	30646	38.94
297000	1022	1022	30745	39.11
298000	1020	1020	30846	39.17
299000	1020	1020	30945	39.36
300000	1018	1018	31046	39.46
301000	1019	1019	31145	39.5
302000	1021	1021	31248	39.62
303000	1015	1015	31347	39.68
304000	1024	1024	31446	39.81
305000	1020	1020	31544	39.88
306000	1018	1018	31644	40
307000	1019	1019	31746	40.17
308000	1022	1022	31846	40.16
309000	1015	1015	31947	40.33
310000	1022	1022	32046	40.45
311000	1020	1020	32146	40.59
312000	1019	1019	32244	40.69
313000	1021	1021	32346	40.8
314000	1022	1022	32446	40.83
315000	1022	1022	32546	40.94
316000	1019	1019	32646	41.01
317000	1018	1018	32746	41.1
318000	1017	1017	32846	41.25
319000	1022	1022	32947	41.37
320000	1020	1020	33047	41.43
321000	1024	1024	33145	41.51
322000	1018	1018	33243	41.6
323000	1022	1022	33345	41.65
324000	1018	1018	33443	41.79
325000	1019	1019	33545	41.91
326000	1022	1022	33644	42.02
327000	1020	1020	33745	42.08
328000	1019	1019	33844	42.15
329000	1022	1022	33946	42.29
330000	1019	1019	34044	42.39
331000	1021	1021	34143	42.46
332000	1016	1016	34243	42.57
333000	1017	1017	34345	42.7
334000	1019	1019	34444	42.77
335000	1019	1019	34545	42.83
336000	1021	1021	34641	42.95
337000	1019	1019	34745	43.11
338000	1018	1018	34845	43.14
339000	1020	1020	34945	43.28
340000	1018	1018	35044	43.36
341000	1024	1024	35145	43.54
342000	1021	1021	35244	43.59
343000	1024	1024	35344	43.78
344000	1024	1024	35444	43.9
345000	1018	1018	35544	43.95
346000	1020	1020	35644	44.03
347000	1016	1016	35743	44.21
348000	1019	1019	35844	44.31
349000	1023	1023	35943	44.37
350000	1017	1017	36045	44.43
351000	1022	1022	36142	44.5
352000	1017	1017	36244	44.64
353000	1023	1023	36345	44.73
354000	1020	1020	36444	44.81
355000	1017	1017	36545	44.83
356000	1023	1023	36643	44.97
357000	1020	1020	36742	45.04
358000	1022	1022	36842	45.16
359000	1020	1020	36943	45.29
360000	1023	1023	37043	45.47
361000	1022	1022	37144	45.51
362000	1018	1018	37239	45.65
363000	1020	1020	37342	45.76
364000	1020	1020	37444	45.78
365000	1020	1020	37541	45.86
366000	1015	1015	37643	46.02
367000	1019	1019	37740	46.14
368000	1022	1022	37842	46.29
369000	1017	1017	37944	46.35
370000	1017	1017	38043	46.48
371000	1025	1025	38140	46.56
372000	1016	1016	38240	46.64
373000	1019	1019	38341	46.75
374000	1023	1023	38442	46.89
375000	1024	1024	38540	46.88
376000	1022	1022	38641	46.97
377000	1023	1023	38742	47.07
378000	1019	1019	38841	47.17
379000	1020	1020	38941	47.26
380000	1015	1015	39042	47.35
381000	1018	1018	39140	47.47
382000	1021	1021	39242	47.59
383000	1020	1020	39341	47.63
384000	1020	1020	39439	47.73
385000	1019	1019	39541	47.88
386000	1022	1022	39641	47.95
387000	1023	1023	39739	48.06
388000	1023	1023	39840	48.17
389000	1018	1018	39938	48.34
390000	1020	1020	40038	48.37
391000	1022	1022	40138	48.48
392000	1025	1025	40240	48.61
393000	1021	1021	40338	48.67
394000	1020	1020	40438	48.7
395000	1021	1021	40539	48.81
396000	1020	1020	40638	48.94
397000	1020	1020	40739	49.07
398000	1019	1019	40841	49.18
399000	1018	1018	40940	49.28
400000	1022	1022	41039	49.39
401000	1014	1014	41140	49.56
402000	1022	1022	41239	49.61
403000	1019	1019	41340	49.72
404000	1021	1021	41439	49.81
405000	1019	1019	41539	49.91
406000	1020	1020	41640	49.96
407000	1022	1022	41738	50.06
408000	1023	1023	41838	50.14
409000	1016	1016	41938	50.2
410000	1021	1021	42039	50.32
411000	1022	1022	42136	50.46
412000	1020	1020	42238	50.5
413000	1022	1022	42339	50.56
414000	1022	1022	42441	50.59
415000	1020	1020	42539	50.74
416000	1019	1019	42639	50.84
417000	1020	1020	42740	50.93
418000	1022	1022	42838	51
419000	1016	1016	42939	51.08
420000	1017	1017	43040	51.2
421000	1019	1019	43139	51.23
422000	1021	1021	43238	51.34
423000	1015	1015	43338	51.43
424000	1019	1019	43438	51.58
425000	1019	1018	43538	51.67
426000	1016	1016	43639	51.79
427000	1022	1022	43737	51.93
428000	1024	1024	43837	51.98
429000	1018	1018	43935	52.05
430000	1019	1019	44036	52.2
431000	1019	1019	44137	52.34
432000	1021	1021	44237	52.41
433000	1020	1020	44337	52.53
434000	1018	1018	44436	52.62
435000	1019	1019	44534	52.76
436000	1019	1019	44636	52.83
437000	1020	1020	44736	52.9
438000	1020	1020	44835	53.05
439000	1021	1021	44938	53.12
440000	1019	1019	45036	53.24
441000	1020	1020	45135	53.28
442000	1021	1021	45237	53.44
443000	1020	1020	45335	53.56
444000	1017	1017	45435	53.64
445000	1020	1020	45536	53.76
446000	1020	1020	45634	53.83
447000	1021	1021	45737	53.89
448000	1020	1020	45837	53.99
449000	1018	1018	45935	54.06
450000	1018	1018	46036	54.24
451000	1018	1018	46137	54.3
452000	1019	1019	46237	54.37
453000	1020	1020	46336	54.55
454000	1020	1020	46435	54.67
455000	1020	1020	46537	54.73
456000	1022	1022	46637	54.77
457000	1022	1022	46735	54.89
458000	1022	1022	46835	54.99
459000	1025	1025	46937	55.09
460000	1022	1022	47036	55.16
461000	1020	1020	47137	55.23
462000	1016	1016	47235	55.35
463000	1016	1016	47336	55.5
464000	1020	1020	47436	55.63
465000	1021	1021	47537	55.74
466000	1015	1015	47634	55.82
467000	1020	1020	47737	55.94
468000	1020	1020	47835	56.1
469000	1018	1018	47936	56.21
470000	1022	1022	48035	56.25
471000	1015	1015	48135	56.29
472000	1017	1017	48234	56.42
473000	1023	1023	48334	56.47
474000	1022	1022	48436	56.53
475000	1022	1022	48536	56.58
476000	1021	1021	48634	56.68
477000	1018	1018	48733	56.79
478000	1022	1022	48830	56.88
479000	1023	1023	48934	57.01
480000	1017	1017	49033	57.08
481000	1016	1016	49133	57.21
482000	1020	1020	49232	57.32
483000	1018	1018	49331	57.41
484000	1020	1020	49432	57.44
485000	1019	1019	49533	57.58
486000	1022	1022	49633	57.7
487000	1019	1019	49733	57.77
488000	1021	1021	49833	57.82
489000	1021	1021	49932	57.9
490000	1019	1019	50031	57.97
491000	1017	1017	50133	58.06
492000	1021	1021	50231	58.27
493000	1024	1024	50332	58.35
494000	1020	1020	50432	58.42
495000	1022	1022	50531	58.54
496000	1015	1015	50632	58.64
497000	1021	1021	50732	58.77
498000	1020	1020	50831	58.87
499000	1021	1021	50933	58.95
500000	1018	1018	51032	59.05
501000	1020	1020	51129	59.13
502000	1017	1017	51228	59.27
503000	1023	1023	51331	59.31
504000	1022	1022	51431	59.34
505000	1017	1017	51532	59.49
506000	1024	1024	51632	59.55
507000	1019	1019	51730	59.67
508000	1025	1025	51830	59.8
509000	1020	1020	51931	59.91
510000	1019	1019	52031	59.96
511000	1020	1020	52129	60.13
512000	1020	1020	52232	60.19
513000	1020	1020	52330	60.23
514000	1026	1026	52430	60.3
515000	1023	1023	52531	60.43
516000	1021	1021	52632	60.45
517000	1018	1018	52729	60.55
518000	1017	1017	52831	60.66
519000	1019	1019	52930	60.79
520000	1019	1019	53031	60.89
521000	1018	1018	53129	61.02
522000	1021	1021	53230	61.16
523000	1022	1022	53331	61.3
524000	1018	1018	53430	61.4
525000	1017	1017	53531	61.5
526000	1017	1017	53631	61.59
527000	1020	1020	53729	61.71
528000	1023	1023	53831	61.78
529000	1021	1021	53931	61.88
530000	1018	1018	54030	61.98
531000	1019	1019	54130	62.12
532000	1020	1020	54230	62.22
533000	1018	1018	54329	62.4
534000	1018	1018	54430	62.49
535000	1018	1018	54530	62.63
536000	1022	1022	54631	62.67
537000	1018	1018	54729	62.73
538000	1019	1019	54830	62.87
539000	1021	1021	54931	62.97
540000	1019	1019	55030	63.11
541000	1023	1023	55129	63.2
542000	1021	1021	55229	63.32
543000	1021	1021	55329	63.36
544000	1018	1017	55429	63.45
545000	1018	1018	55529	63.5
546000	1022	1022	55630	63.58
547000	1016	1016	55729	63.67
548000	1020	1020	55832	63.74
549000	1022	1022	55930	63.85
550000	1019	1019	56029	63.99
551000	1023	1023	56131	64.14
552000	1023	1023	56229	64.18
553000	1016	1016	56330	64.3
554000	1020	1020	56430	64.4
555000	1022	1022	56532	64.52
556000	1022	1022	56628	64.71
557000	1020	1020	56729	64.79
558000	1023	1022	56830	64.83
559000	1023	1022	56930	64.89
560000	1023	1023	57031	64.96
561000	1022	1022	57131	65.06
562000	1021	1020	57232	65.16
563000	1022	1022	57328	65.2
564000	1016	1016	57429	65.31
565000	1020	1020	57530	65.42
566000	1020	1020	57629	65.48
567000	1020	1020	57727	65.64
568000	1021	1021	57829	65.77
569000	1019	1019	57930	65.89
570000	1019	1019	58031	65.95
571000	1018	1018	58130	66.08
572000	1020	1020	58228	66.26
573000	1018	1018	58330	66.31
574000	1017	1017	58430	66.49
575000	1019	1019	58530	66.6
576000	1022	1022	58628	66.7
577000	1018	1018	58729	66.77
578000	1014	1014	58830	66.85
579000	1021	1021	58930	66.97
580000	1022	1021	59029	67.06
581000	1021	1021	59129	67.13
582000	1021	1021	59229	67.17
583000	1019	1019	59329	67.25
584000	1019	1019	59428	67.36
585000	1022	1022	59529	67.49
586000	1016	1016	59629	67.6
587000	1019	1019	59728	67.71
588000	1020	1020	59829	67.8
589000	1016	1016	59931	67.92
590000	1018	1018	60029	68.05
591000	1022	1022	60130	68.16
592000	1018	1018	60230	68.33
593000	1019	1019	60329	68.43
594000	1018	1018	60429	68.51
595000	1021	1021	60529	68.66
596000	1023	1023	60630	68.76
597000	1022	1022	60730	68.86
598000	1023	1023	60829	68.95
599000	1019	1019	60929	69.03
600000	1018	1018	61029	69.14
601000	1025	1025	61130	69.32
602000	1020	1020	61230	69.37
603000	1018	1018	61329	69.51
604000	1017	1017	61431	69.6
605000	1017	1017	61530	69.72
606000	1025	1025	61630	69.92
607000	1023	1023	61730	69.93
608000	1015	1015	61829	69.95
609000	1019	1019	61930	70.11
610000	1021	1021	62030	70.24
611000	1021	1021	62131	70.41
612000	1023	1023	62231	70.51
613000	1020	1020	62331	70.62
614000	1019	1019	62428	70.63
615000	1019	1019	62530	70.69
616000	1021	1021	62631	70.82
617000	1020	1020	62729	71.02
618000	1017	1017	62830	71.05
619000	1022	1022	62928	71.15
620000	1019	1019	63028	71.21
621000	1016	1016	63129	71.32
622000	1022	1022	63227	71.4
623000	1026	1026	63328	71.54
624000	1023	1023	63428	71.62
625000	1014	1014	63529	71.66
626000	1021	1021	63629	71.83
627000	1019	1019	63729	71.94
628000	1018	1018	63827	72.04
629000	1022	1022	63928	72.15
630000	1020	1020	64027	72.26
631000	1017	1017	64127	72.34
632000	1019	1019	64226	72.42
633000	1020	1020	64326	72.53
634000	1021	1021	64427	72.59
635000	1018	1018	64526	72.67
636000	1024	1024	64628	72.83
637000	1018	1018	64728	72.99
638000	1017	1017	64825	73.04
639000	1018	1018	64925	73.2
640000	1020	1020	65025	73.28
641000	1019	1019	65126	73.37
642000	1020	1020	65227	73.46
643000	1020	1020	65327	73.54
644000	1024	1024	65425	73.66
645000	1018	1018	65524	73.76
646000	1026	1026	65625	73.92
647000	1020	1020	65726	73.92
648000	1019	1019	65827	74.02
649000	1023	1023	65925	74.12
650000	1023	1023	66026	74.22
651000	1021	1021	66124	74.29
652000	1020	1020	66225	74.39
653000	1020	1020	66324	74.46
654000	1021	1021	66424	74.51
655000	1021	1021	66524	74.58
656000	1018	1018	66624	74.75
657000	1021	1021	66725	74.83
658000	1018	1018	66823	74.95
659000	1018	1018	66924	75.04
660000	1018	1018	67024	75.14
661000	1020	1020	67124	75.18
662000	1024	1024	67224	75.28
663000	1021	1021	67324	75.39
664000	1021	1021	67424	75.51
665000	1021	1021	67524	75.6
666000	1018	1017	67623	75.7
667000	1019	1019	67723	75.87
668000	1018	1018	67825	75.95
669000	1025	1025	67924	76.05
670000	1016	1016	68024	76.11
671000	1017	1017	68125	76.21
672000	1019	1019	68224	76.37
673000	1023	1023	68322	76.39
674000	1018	1017	68424	76.46
675000	1021	1021	68524	76.57
676000	1020	1020	68624	76.63
677000	1021	1021	68723	76.81
678000	1018	1018	68823	76.85
679000	1018	1018	68922	76.91
680000	1018	1018	69021	77.09
681000	1024	1024	69123	77.16
682000	1018	1018	69221	77.27
683000	1021	1021	69323	77.38
684000	1020	1020	69423	77.5
685000	1025	1025	69524	77.56
686000	1020	1020	69624	77.69
687000	1024	1024	69722	77.82
688000	1020	1020	69822	77.97
689000	1021	1021	69921	78.07
690000	1019	1019	70021	78.19
691000	1021	1021	70121	78.3
692000	1021	1021	70222	78.44
693000	1020	1020	70322	78.5
694000	1022	1022	70422	78.57
695000	1021	1021	70522	78.7
696000	1021	1021	70621	78.74
697000	1019	1019	70722	78.83
698000	1020	1020	70821	78.96
699000	1021	1021	70924	79.06
700000	1019	1019	71021	79.2
701000	1020	1020	71121	79.29
702000	1023	1023	71221	79.43
703000	1023	1023	71321	79.44
704000	1021	1021	71421	79.51
705000	1018	1018	71522	79.61
706000	1022	1021	71622	79.68
707000	1022	1022	71722	79.81
708000	1022	1022	71820	79.94
709000	1018	1018	71919	79.98
710000	1019	1019	72017	80.11
711000	1017	1017	72119	80.17
712000	1020	1020	72220	80.22
713000	1020	1020	72319	80.33
714000	1023	1023	72420	80.41
715000	1019	1019	72520	80.48
716000	1017	1017	72621	80.57
717000	1020	1020	72720	80.63
718000	1018	1018	72820	80.74
719000	1018	1018	72920	80.82
720000	1018	1018	73018	80.99
721000	1020	1019	73119	81.08
722000	1019	1019	73219	81.18
723000	1023	1023	73317	81.32
724000	1018	1018	73419	81.44
725000	1019	1019	73518	81.58
726000	1018	1018	73618	81.7
727000	1017	1017	73720	81.83
728000	1015	1015	73819	81.91
729000	1022	1022	73916	82.07
730000	1020	1020	74017	82.19
731000	1021	1021	74117	82.26
732000	1016	1016	74217	82.35
733000	1021	1021	74319	82.49
734000	1023	1023	74416	82.59
735000	1017	1017	74518	82.67
736000	1019	1019	74618	82.87
737000	1022	1022	74718	82.88
738000	1023	1023	74818	83.02
739000	1021	1021	74917	83.14
740000	1023	1023	75017	83.18
741000	1022	1022	75118	83.25
742000	1018	1018	75218	83.38
743000	1017	1017	75316	83.45
744000	1022	1022	75416	83.56
745000	1025	1025	75516	83.63
746000	1020	1020	75617	83.72
747000	1025	1025	75715	83.84
748000	1021	1021	75817	83.88
749000	1015	1015	75917	84.03
750000	1020	1020	76018	84.12
751000	1020	1020	76117	84.21
752000	1019	1019	76218	84.26
753000	1022	1022	76318	84.38
754000	1019	1019	76418	84.49
755000	1021	1021	76516	84.57
756000	1021	1021	76616	84.61
757000	1021	1021	76716	84.76
758000	1020	1020	76818	84.86
759000	1019	1019	76915	84.96
760000	1021	1021	77016	85.16
761000	1022	1022	77117	85.22
762000	1017	1017	77216	85.34
763000	1021	1021	77315	85.46
764000	1021	1021	77415	85.51
765000	1018	1018	77514	85.65
766000	1019	1019	77613	85.77
767000	1022	1022	77716	85.82
768000	1019	1019	77817	85.92
769000	1015	1015	77914	85.95
770000	1018	1018	78015	86.06
771000	1022	1022	78114	86.1
772000	1024	1024	78215	86.25
773000	1021	1021	78313	86.3
774000	1022	1022	78416	86.36
775000	1022	1022	78514	86.47
776000	1018	1018	78614	86.53
777000	1021	1021	78715	86.63
778000	1023	1023	78814	86.78
779000	1018	1018	78915	86.85
780000	1020	1020	79015	86.93
781000	1022	1022	79115	87.08
782000	1021	1021	79213	87.19
783000	1019	1019	79317	87.32
784000	1018	1018	79415	87.37
785000	1017	1017	79516	87.5
786000	1022	1022	79615	87.65
787000	1023	1023	79714	87.75
788000	1021	1021	79816	87.86
789000	1021	1021	79914	87.96
790000	1017	1017	80015	88.07
791000	1021	1021	80115	88.15
792000	1023	1023	80214	88.3
793000	1020	1020	80315	88.36
794000	1016	1016	80416	88.39
795000	1022	1022	80515	88.5
796000	1020	1020	80614	88.56
797000	1021	1021	80713	88.67
798000	1023	1023	80813	88.75
799000	1020	1020	80915	88.86
800000	1016	1016	81015	89
801000	1020	1020	81115	89.11
802000	1020	1020	81215	89.19
803000	1020	1020	81314	89.28
804000	1024	1024	81414	89.35
805000	1024	1024	81515	89.44
806000	1021	1021	81614	89.53
807000	1018	1018	81714	89.64
808000	1022	1022	81814	89.71
809000	1020	1020	81914	89.83
810000	1021	1021	82015	89.86
811000	1017	1017	82115	89.89
812000	1021	1021	82215	90.03
813000	1018	1018	82315	90.13
814000	1023	1023	82414	90.25
815000	1017	1017	82516	90.31
816000	1024	1024	82615	90.37
817000	1027	1027	82715	90.45
818000	1019	1019	82815	90.45
819000	1023	1023	82913	90.57
820000	1018	1018	83016	90.72
821000	1024	1024	83114	90.77
822000	1017	1017	83214	90.85
823000	1019	1019	83315	91.04
824000	1015	1015	83412	91.1
825000	1019	1019	83514	91.29
826000	1018	1018	83615	91.38
827000	1024	1024	83716	91.51
828000	1020	1020	83813	91.63
829000	1021	1020	83914	91.71
830000	1018	1018	84016	91.79
831000	1019	1019	84114	91.92
832000	1022	1022	84214	92.07
833000	1015	1015	84315	92.11
834000	1018	1018	84415	92.23
835000	1020	1020	84514	92.39
836000	1025	1025	84616	92.42
837000	1018	1018	84714	92.43
838000	1022	1022	84814	92.61
839000	1016	1016	84915	92.7
840000	1020	1020	85015	92.82
841000	1020	1020	85113	92.97
842000	1019	1019	85215	93.09
843000	1020	1020	85316	93.21
844000	1019	1019	85413	93.24
845000	1018	1018	85514	93.39
846000	1019	1019	85615	93.45
847000	1022	1022	85712	93.58
848000	1023	1023	85811	93.61
849000	1019	1019	85913	93.81
850000	1021	1021	86014	93.93
851000	1014	1014	86116	94.03
852000	1018	1018	86213	94.19
853000	1020	1020	86312	94.29
854000	1023	1023	86414	94.34
855000	1018	1018	86513	94.49
856000	1019	1019	86614	94.57
857000	1015	1015	86714	94.66
858000	1021	1021	86815	94.78
859000	1025	1025	86914	94.87
860000	1021	1021	87013	94.94
861000	1019	1019	87116	95.06
862000	1015	1015	87214	95.13
863000	1016	1016	87313	95.24
864000	1020	1020	87413	95.39
865000	1024	1024	87511	95.49
866000	1020	1020	87612	95.58
867000	1022	1022	87711	95.64
868000	1022	1022	87812	95.75
869000	1021	1021	87911	95.93
870000	1021	1021	88012	95.96
871000	1018	1018	88112	96.07
872000	1022	1022	88212	96.16
873000	1020	1020	88311	96.32
874000	1021	1020	88411	96.44
875000	1022	1022	88509	96.55
876000	1018	1018	88610	96.65
877000	1018	1018	88710	96.81
878000	1020	1020	88810	96.9
879000	1021	1021	88912	97.04
880000	1023	1023	89010	97.12
881000	1021	1021	89111	97.16
882000	1020	1020	89211	97.23
883000	1017	1017	89310	97.35
884000	1017	1017	89410	97.48
885000	1015	1015	89511	97.54
886000	1018	1018	89610	97.61
887000	1018	1018	89710	97.87
888000	1020	1020	89811	97.92
889000	1019	1019	89911	98.05
890000	1019	1019	90012	98.18
891000	1020	1020	90110	98.3
892000	1017	1017	90210	98.4
893000	1023	1023	90311	98.6
894000	1018	1018	90410	98.71
895000	1023	1023	90511	98.85
896000	1021	1021	90612	98.92
897000	1022	1022	90710	98.99
898000	1022	1022	90810	99.16
899000	1018	1017	90911	99.18
900000	1018	1018	91011	99.24
901000	1019	1019	91113	99.34
902000	1026	1026	91209	99.45
903000	1023	1023	91308	99.5
904000	1021	1021	91411	99.67
905000	1020	1020	91509	99.7
906000	1022	1022	91611	99.89
907000	1023	1023	91708	99.94
908000	1024	1024	91808	100.01
909000	1022	1022	91909	100.09
910000	1017	1017	92010	100.21
911000	1018	1018	92110	100.32
912000	1020	1020	92210	100.48
913000	1013	1013	92308	100.54
914000	1017	1017	92410	100.76
915000	1022	1022	92510	100.78
916000	1018	1018	92608	100.87
917000	1019	1019	92709	100.92
918000	1020	1020	92809	101.1
919000	1015	1015	92908	101.15
920000	1016	1016	93007	101.33
921000	1022	1022	93108	101.42
922000	1019	1019	93209	101.52
923000	1018	1018	93306	101.65
924000	1026	1025	93409	101.74
925000	1017	1017	93508	101.79
926000	1017	1017	93609	101.95
927000	1020	1020	93708	102.02
928000	1019	1019	93808	102.14
929000	1020	1020	93908	102.25
930000	1018	1018	94009	102.41
931000	1022	1022	94109	102.5
932000	1020	1020	94208	102.66
933000	1021	1021	94308	102.7
934000	1020	1020	94408	102.75
935000	1016	1016	94506	102.9
936000	1020	1020	94608	102.96
937000	1021	1021	94707	103.13
938000	1019	1019	94807	103.22
939000	1016	1016	94905	103.28
940000	1021	1020	95008	103.43
941000	1018	1018	95108	103.53
942000	1018	1018	95207	103.65
943000	1024	1024	95308	103.71
944000	1019	1019	95407	103.79
945000	1020	1020	95506	103.83
946000	1018	1018	95606	103.92
947000	1021	1021	95705	104.06
948000	1023	1022	95807	104.23
949000	1021	1021	95906	104.3
950000	1022	1022	96006	104.4
951000	1020	1020	96105	104.4
952000	1016	1016	96206	104.55
953000	1021	1021	96302	104.71
954000	1022	1022	96406	104.76
955000	1020	1020	96506	104.84
956000	1021	1021	96606	104.93
957000	1023	1023	96706	104.96
958000	1020	1020	96808	105.1
959000	1024	1024	96906	105.23
960000	1020	1020	97005	105.36
961000	1023	1023	97105	105.43
962000	1022	1022	97204	105.51
963000	1020	1020	97305	105.64
964000	1021	1021	97404	105.68
965000	1021	1021	97507	105.78
966000	1019	1019	97605	105.9
967000	1019	1019	97705	106.07
968000	1019	1019	97805	106.14
969000	1018	1018	97905	106.23
970000	1019	1019	98007	106.39
971000	1025	1024	98106	106.5
972000	1018	1018	98207	106.58
973000	1021	1021	98307	106.61
974000	1018	1018	98406	106.76
975000	1021	1021	98507	106.83
976000	1018	1018	98605	106.9
977000	1020	1020	98706	107.04
978000	1020	1020	98805	107.24
979000	1021	1021	98906	107.31
980000	1019	1019	99007	107.36
981000	1022	1022	99106	107.51
982000	1017	1017	99206	107.61
983000	1019	1019	99304	107.75
984000	1019	1019	99405	107.87
985000	1019	1019	99505	107.94
986000	1016	1016	99605	108.03
987000	1020	1020	99707	108.17
988000	1020	1020	99805	108.21
989000	1021	1021	99905	108.32
990000	1022	1022	100005	108.49
991000	1017	1017	100104	108.54
992000	1021	1021	100205	108.65
993000	1019	1019	100304	108.73
994000	1017	1017	100403	108.92
995000	1025	1024	100506	108.96
996000	1020	1020	100605	109
997000	1019	1019	100706	109.16
998000	1021	1021	100803	109.28
999000	1021	1021	100904	109.37
1000000	1014	1014	101003	109.39
