time	clients	active	ids	slots
1000	1024	1024	1160	10.04
2000	1027	1027	1261	10.08
3000	1024	1024	1360	10.13
4000	1025	1025	1461	10.12
5000	1026	1026	1562	10.11
6000	1024	1024	1661	10.14
7000	1021	1021	1761	10.13
8000	1017	1017	1860	10.13
9000	1025	1025	1961	10.19
10000	1026	1026	2059	10.17
11000	1019	1019	2160	10.19
12000	1021	1021	2259	10.19
13000	1025	1025	2359	10.23
14000	1022	1022	2459	10.22
15000	1023	1023	2560	10.25
16000	1023	1023	2661	10.23
17000	1027	1027	2760	10.24
18000	1022	1022	2859	10.27
19000	1025	1024	2958	10.24
20000	1024	1024	3060	10.24
21000	1021	1021	3160	10.27
22000	1021	1021	3258	10.31
23000	1022	1022	3357	10.28
24000	1023	1023	3458	10.33
25000	1024	1024	3560	10.31
26000	1022	1022	3658	10.36
27000	1023	1023	3759	10.38
28000	1024	1024	3857	10.33
29000	1019	1019	3957	10.37
30000	1024	1024	4059	10.38
31000	1023	1023	4157	10.37
32000	1024	1024	4257	10.41
33000	1020	1020	4356	10.43
34000	1024	1024	4457	10.42
35000	1029	1029	4555	10.41
36000	1021	1021	4656	10.41
37000	1024	1024	4756	10.39
38000	1022	1022	4856	10.47
39000	1020	1020	4957	10.46
40000	1023	1023	5056	10.47
41000	1024	1024	5157	10.45
42000	1022	1022	5256	10.49
43000	1017	1017	5356	10.48
44000	1021	1021	5455	10.5
45000	1021	1021	5558	10.48
46000	1020	1020	5657	10.5
47000	1023	1023	5758	10.5
48000	1021	1021	5857	10.5
49000	1024	1024	5957	10.59
50000	1025	1025	6057	10.56
51000	1020	1020	6156	10.57
52000	1024	1024	6257	10.56
53000	1023	1023	6357	10.61
54000	1025	1025	6456	10.57
55000	1020	1020	6554	10.62
56000	1023	1023	6655	10.6
57000	1028	1028	6756	10.62
58000	1025	1025	6855	10.65
59000	1023	1023	6955	10.64
60000	1022	1022	7055	10.65
61000	1026	1026	7153	10.71
62000	1024	1024	7254	10.64
63000	1021	1021	7353	10.68
64000	1022	1022	7452	10.66
65000	1019	1019	7553	10.7
66000	1023	1023	7654	10.68
67000	1021	1021	7754	10.72
68000	1023	1023	7852	10.72
69000	1017	1017	7951	10.73
70000	1026	1026	8053	10.75
71000	1021	1021	8154	10.7
72000	1022	1022	8254	10.78
73000	1022	1022	8352	10.77
74000	1021	1021	8453	10.78
75000	1023	1023	8551	10.77
76000	1023	1023	8653	10.77
77000	1025	1025	8752	10.77
78000	1025	1025	8853	10.8
79000	1023	1023	8951	10.78
80000	1026	1026	9053	10.83
81000	1022	1022	9153	10.86
82000	1021	1021	9250	10.82
83000	1023	1023	9351	10.85
84000	1022	1022	9451	10.87
85000	1024	1024	9551	10.91
86000	1023	1023	9650	10.92
87000	1021	1021	9753	10.91
88000	1026	1026	9852	10.89
89000	1023	1023	9950	10.93
90000	1025	1025	10051	10.97
91000	1020	1020	10152	10.96
92000	1022	1022	10252	10.98
93000	1022	1022	10353	10.99
94000	1025	1025	10452	11
95000	1023	1023	10553	10.96
96000	1021	1021	10652	11.01
97000	1020	1020	10750	11
98000	1023	1023	10850	11.05
99000	1018	1018	10950	11.01
100000	1022	1022	11050	11.07
101000	1021	1021	11152	11.05
102000	1019	1019	11251	11.03
103000	1019	1019	11350	11.11
104000	1019	1019	11450	11.13
105000	1018	1018	11553	11.14
106000	1021	1021	11652	11.11
107000	1021	1021	11752	11.18
108000	1021	1021	11853	11.15
109000	1021	1021	11950	11.2
110000	1022	1022	12051	11.21
111000	1023	1023	12148	11.19
112000	1023	1023	12250	11.21
113000	1018	1018	12352	11.2
114000	1021	1021	12451	11.22
115000	1023	1023	12552	11.25
116000	1024	1024	12651	11.28
117000	1019	1019	12751	11.28
118000	1020	1020	12850	11.3
119000	1022	1022	12949	11.35
120000	1019	1019	13051	11.34
121000	1021	1021	13151	11.34
122000	1022	1022	13251	11.33
123000	1021	1021	13350	11.34
124000	1020	1020	13448	11.32
125000	1022	1022	13549	11.41
126000	1026	1026	13652	11.4
127000	1022	1022	13751	11.42
128000	1021	1021	13851	11.42
129000	1020	1020	13951	11.42
130000	1024	1024	14050	11.44
131000	1022	1022	14150	11.46
132000	1020	1020	14250	11.48
133000	1024	1024	14352	11.48
134000	1027	1027	14449	11.45
135000	1017	1017	14552	11.48
136000	1023	1023	14652	11.48
137000	1024	1024	14749	11.43
138000	1019	1019	14851	11.5
139000	1021	1021	14950	11.56
140000	1023	1023	15051	11.55
141000	1022	1022	15149	11.53
142000	1027	1027	15249	11.58
143000	1022	1022	15350	11.54
144000	1021	1021	15451	11.6
145000	1019	1019	15550	11.55
146000	1021	1021	15650	11.61
147000	1023	1023	15749	11.63
148000	1024	1024	15850	11.67
149000	1024	1024	15950	11.64
150000	1021	1021	16050	11.63
151000	1021	1021	16150	11.66
152000	1022	1022	16251	11.63
153000	1020	1020	16350	11.61
154000	1022	1022	16451	11.67
155000	1022	1022	16550	11.7
156000	1024	1024	16649	11.66
157000	1023	1023	16749	11.71
158000	1024	1024	16850	11.69
159000	1023	1023	16950	11.71
160000	1025	1025	17049	11.72
161000	1021	1021	17149	11.76
162000	1018	1018	17249	11.74
163000	1023	1023	17351	11.79
164000	1023	1023	17449	11.81
165000	1020	1020	17550	11.79
166000	1025	1025	17650	11.77
167000	1022	1022	17749	11.77
168000	1024	1024	17849	11.82
169000	1022	1022	17948	11.84
170000	1022	1022	18050	11.83
171000	1019	1019	18151	11.85
172000	1022	1022	18249	11.86
173000	1023	1023	18350	11.82
174000	1023	1023	18447	11.85
175000	1021	1021	18547	11.84
176000	1022	1022	18650	11.9
177000	1023	1023	18750	11.93
178000	1021	1021	18849	11.9
179000	1021	1021	18947	11.88
180000	1022	1022	19049	11.88
181000	1020	1020	19151	11.92
182000	1021	1021	19250	11.92
183000	1019	1019	19350	11.9
184000	1021	1021	19447	11.98
185000	1022	1022	19549	11.98
186000	1024	1024	19649	11.99
187000	1019	1019	19749	11.96
188000	1025	1025	19848	11.98
189000	1022	1022	19949	11.99
190000	1024	1024	20050	12.01
191000	1023	1023	20149	12.04
192000	1021	1021	20249	12.01
193000	1026	1026	20350	12.07
194000	1026	1026	20448	12.04
195000	1022	1022	20549	12.08
196000	1021	1021	20648	12.05
197000	1025	1025	20747	12.09
198000	1024	1024	20845	12.09
199000	1021	1021	20947	12.15
200000	1022	1022	21047	12.16
201000	1025	1025	21146	12.17
202000	1026	1026	21248	12.15
203000	1020	1020	21347	12.16
204000	1023	1023	21444	12.14
205000	1023	1023	21547	12.16
206000	1024	1024	21648	12.19
207000	1019	1019	21746	12.2
208000	1022	1022	21848	12.17
209000	1020	1020	21946	12.22
210000	1022	1022	22044	12.19
211000	1025	1025	22145	12.24
212000	1019	1019	22243	12.23
213000	1021	1021	22345	12.29
214000	1021	1021	22446	12.3
215000	1021	1021	22545	12.28
216000	1022	1022	22644	12.31
217000	1021	1021	22746	12.33
218000	1021	1021	22843	12.3
219000	1020	1020	22946	12.32
220000	1019	1019	23044	12.28
221000	1022	1022	23142	12.34
222000	1021	1021	23245	12.36
223000	1021	1021	23343	12.37
224000	1023	1023	23444	12.36
225000	1021	1021	23543	12.36
226000	1022	1022	23644	12.38
227000	1020	1020	23743	12.4
228000	1023	1023	23842	12.43
229000	1023	1023	23943	12.44
230000	1022	1022	24043	12.41
231000	1026	1026	24141	12.48
232000	1018	1018	24243	12.4
233000	1021	1021	24341	12.44
234000	1022	1022	24442	12.45
235000	1024	1024	24541	12.47
236000	1022	1022	24641	12.5
237000	1022	1022	24741	12.49
238000	1023	1023	24841	12.5
239000	1021	1021	24941	12.47
240000	1022	1022	25041	12.47
241000	1020	1020	25141	12.52
242000	1022	1022	25243	12.52
243000	1018	1018	25342	12.52
244000	1020	1020	25442	12.58
245000	1019	1019	25541	12.54
246000	1020	1020	25643	12.57
247000	1021	1021	25743	12.58
248000	1023	1023	25841	12.54
249000	1019	1019	25941	12.56
250000	1021	1021	26041	12.59
251000	1022	1022	26140	12.62
252000	1023	1023	26240	12.58
253000	1024	1024	26341	12.61
254000	1022	1022	26440	12.63
255000	1022	1022	26539	12.62
256000	1022	1022	26639	12.64
257000	1020	1020	26740	12.61
258000	1020	1020	26838	12.64
259000	1023	1023	26940	12.64
260000	1021	1021	27039	12.65
261000	1021	1021	27138	12.7
262000	1024	1024	27239	12.67
263000	1024	1024	27338	12.67
264000	1024	1024	27439	12.72
265000	1023	1023	27539	12.72
266000	1023	1023	27639	12.72
267000	1024	1024	27738	12.7
268000	1023	1023	27838	12.72
269000	1023	1023	27940	12.73
270000	1024	1024	28039	12.75
271000	1021	1021	28137	12.75
272000	1020	1020	28239	12.83
273000	1022	1022	28336	12.84
274000	1021	1021	28436	12.85
275000	1025	1025	28537	12.84
276000	1022	1022	28636	12.8
277000	1022	1022	28736	12.81
278000	1018	1018	28836	12.84
279000	1022	1022	28937	12.85
280000	1021	1021	29037	12.89
281000	1024	1024	29135	12.89
282000	1024	1024	29236	12.89
283000	1022	1022	29337	12.9
284000	1024	1024	29435	12.9
285000	1024	1024	29536	12.97
286000	1021	1021	29636	12.94
287000	1020	1020	29737	12.92
288000	1024	1024	29835	12.96
289000	1028	1028	29936	12.96
290000	1025	1025	30034	12.95
291000	1021	1021	30135	12.99
292000	1021	1021	30236	12.95
293000	1022	1022	30337	13
294000	1020	1020	30436	13
295000	1021	1021	30536	13.04
296000	1024	1024	30637	13.01
297000	1022	1022	30736	13.01
298000	1026	1026	30835	13.09
299000	1020	1020	30937	13.05
300000	1022	1022	31037	13.06
301000	1025	1025	31135	13.1
302000	1021	1021	31235	13.12
303000	1023	1023	31335	13.08
304000	1023	1023	31435	13.15
305000	1022	1022	31533	13.14
306000	1026	1026	31633	13.15
307000	1018	1018	31733	13.15
308000	1022	1022	31833	13.2
309000	1023	1023	31932	13.18
310000	1023	1023	32032	13.22
311000	1025	1025	32133	13.2
312000	1022	1022	32229	13.24
313000	1024	1024	32331	13.23
314000	1023	1023	32430	13.25
315000	1022	1022	32531	13.26
316000	1019	1019	32630	13.23
317000	1023	1023	32731	13.27
318000	1022	1022	32831	13.27
319000	1022	1022	32930	13.25
320000	1024	1024	33032	13.28
321000	1022	1022	33131	13.28
322000	1019	1019	33232	13.31
323000	1021	1021	33332	13.31
324000	1021	1021	33432	13.31
325000	1021	1021	33531	13.39
326000	1017	1017	33631	13.35
327000	1016	1016	33730	13.37
328000	1025	1025	33829	13.44
329000	1024	1024	33931	13.45
330000	1024	1024	34031	13.48
331000	1024	1024	34131	13.47
332000	1023	1023	34231	13.5
333000	1024	1024	34329	13.47
334000	1020	1020	34430	13.45
335000	1019	1019	34530	13.42
336000	1022	1022	34631	13.46
337000	1024	1024	34731	13.5
338000	1028	1028	34830	13.51
339000	1022	1022	34929	13.49
340000	1021	1021	35029	13.54
341000	1023	1023	35131	13.52
342000	1021	1021	35229	13.55
343000	1024	1024	35328	13.54
344000	1023	1023	35431	13.54
345000	1022	1022	35529	13.55
346000	1021	1021	35629	13.56
347000	1018	1018	35727	13.55
348000	1021	1021	35829	13.55
349000	1025	1025	35927	13.65
350000	1019	1019	36028	13.6
351000	1024	1024	36128	13.59
352000	1023	1023	36230	13.61
353000	1020	1020	36329	13.59
354000	1023	1023	36428	13.62
355000	1022	1022	36529	13.61
356000	1023	1023	36629	13.65
357000	1021	1021	36729	13.68
358000	1023	1023	36829	13.68
359000	1023	1023	36928	13.68
360000	1025	1025	37027	13.72
361000	1021	1021	37127	13.69
362000	1016	1016	37227	13.66
363000	1023	1023	37327	13.71
364000	1021	1021	37427	13.76
365000	1022	1022	37527	13.77
366000	1025	1025	37624	13.75
367000	1026	1026	37727	13.79
368000	1021	1021	37826	13.76
369000	1018	1018	37927	13.77
370000	1020	1020	38026	13.76
371000	1023	1023	38125	13.8
372000	1023	1023	38223	13.81
373000	1021	1021	38326	13.79
374000	1024	1024	38425	13.82
375000	1021	1021	38527	13.84
376000	1023	1023	38627	13.87
377000	1021	1021	38728	13.88
378000	1021	1021	38826	13.87
379000	1024	1024	38926	13.94
380000	1023	1023	39029	13.91
381000	1022	1022	39125	13.96
382000	1021	1021	39227	13.95
383000	1023	1023	39326	13.94
384000	1019	1019	39428	13.94
385000	1025	1025	39524	13.97
386000	1024	1024	39626	13.95
387000	1025	1025	39726	13.99
388000	1023	1023	39827	13.98
389000	1023	1023	39928	13.99
390000	1021	1021	40026	13.96
391000	1026	1026	40127	13.99
392000	1022	1022	40228	13.98
393000	1020	1020	40326	13.99
394000	1023	1023	40426	14.03
395000	1021	1021	40525	14.03
396000	1024	1024	40626	14.05
397000	1019	1019	40728	14.06
398000	1022	1022	40826	14.08
399000	1021	1021	40926	14.08
400000	1021	1021	41027	14.03
401000	1022	1022	41126	14.09
402000	1022	1022	41225	14.09
403000	1021	1021	41327	14.05
404000	1014	1014	41425	14.07
405000	1021	1021	41528	14.13
406000	1022	1022	41627	14.11
407000	1021	1021	41726	14.12
408000	1023	1023	41825	14.14
409000	1025	1025	41926	14.14
410000	1021	1021	42025	14.14
411000	1021	1021	42127	14.16
412000	1022	1022	42226	14.17
413000	1021	1021	42326	14.15
414000	1024	1024	42427	14.19
415000	1024	1024	42526	14.19
416000	1025	1025	42628	14.21
417000	1022	1022	42728	14.17
418000	1021	1021	42828	14.21
419000	1023	1023	42927	14.21
420000	1025	1025	43027	14.17
421000	1020	1020	43127	14.17
422000	1026	1026	43225	14.23
423000	1022	1022	43325	14.23
424000	1023	1023	43425	14.21
425000	1026	1026	43525	14.21
426000	1022	1022	43625	14.23
427000	1022	1022	43725	14.25
428000	1021	1021	43825	14.23
429000	1025	1025	43926	14.23
430000	1025	1025	44026	14.27
431000	1025	1025	44124	14.27
432000	1021	1021	44225	14.26
433000	1019	1019	44326	14.28
434000	1024	1024	44426	14.3
435000	1028	1028	44525	14.31
436000	1027	1027	44626	14.33
437000	1018	1018	44725	14.28
438000	1022	1022	44825	14.29
439000	1023	1023	44924	14.35
440000	1027	1027	45025	14.37
441000	1021	1021	45126	14.36
442000	1023	1023	45224	14.37
443000	1020	1020	45324	14.38
444000	1021	1021	45426	14.43
445000	1024	1024	45524	14.41
446000	1026	1026	45624	14.4
447000	1024	1024	45724	14.42
448000	1022	1022	45823	14.47
449000	1020	1020	45923	14.49
450000	1024	1024	46023	14.51
451000	1024	1024	46122	14.53
452000	1024	1024	46220	14.49
453000	1021	1021	46323	14.52
454000	1021	1021	46422	14.54
455000	1020	1020	46523	14.53
456000	1021	1021	46621	14.59
457000	1023	1023	46723	14.57
458000	1020	1020	46822	14.62
459000	1023	1023	46923	14.58
460000	1021	1021	47022	14.54
461000	1022	1022	47122	14.57
462000	1021	1021	47223	14.6
463000	1021	1021	47322	14.63
464000	1023	1023	47424	14.61
465000	1023	1023	47522	14.6
466000	1019	1019	47623	14.62
467000	1018	1018	47722	14.65
468000	1020	1020	47823	14.65
469000	1021	1021	47923	14.66
470000	1021	1021	48022	14.64
471000	1024	1024	48121	14.67
472000	1026	1026	48223	14.68
473000	1025	1025	48323	14.66
474000	1025	1025	48422	14.65
475000	1023	1023	48524	14.71
476000	1025	1025	48622	14.7
477000	1022	1022	48723	14.7
478000	1023	1023	48823	14.7
479000	1022	1022	48924	14.67
480000	1024	1024	49023	14.73
481000	1026	1026	49123	14.72
482000	1024	1024	49222	14.76
483000	1023	1023	49322	14.73
484000	1021	1021	49421	14.76
485000	1023	1023	49522	14.74
486000	1020	1020	49624	14.77
487000	1023	1023	49723	14.81
488000	1020	1020	49824	14.75
489000	1022	1022	49925	14.77
490000	1022	1022	50021	14.83
491000	1019	1019	50120	14.78
492000	1024	1024	50220	14.82
493000	1024	1024	50321	14.79
494000	1023	1023	50421	14.8
495000	1020	1020	50522	14.83
496000	1023	1023	50622	14.85
497000	1021	1021	50721	14.85
498000	1024	1024	50821	14.92
499000	1025	1025	50922	14.91
500000	1021	1021	51023	14.89
501000	1019	1019	51120	14.92
502000	1026	1026	51220	14.91
503000	1022	1022	51322	14.96
504000	1019	1019	51421	14.97
505000	1024	1024	51521	15.01
506000	1020	1020	51621	15
507000	1022	1022	51720	15.03
508000	1027	1027	51822	15.1
509000	1018	1018	51920	15.1
510000	1023	1023	52020	15.07
511000	1023	1023	52121	15.11
512000	1021	1021	52221	15.11
513000	1023	1023	52320	15.11
514000	1020	1020	52422	15.17
515000	1023	1023	52522	15.18
516000	1023	1023	52620	15.17
517000	1021	1021	52720	15.15
518000	1023	1023	52819	15.18
519000	1018	1018	52918	15.17
520000	1022	1022	53020	15.19
521000	1020	1020	53120	15.19
522000	1021	1021	53221	15.2
523000	1022	1022	53320	15.21
524000	1019	1019	53420	15.17
525000	1022	1022	53521	15.18
526000	1020	1020	53620	15.2
527000	1021	1021	53719	15.23
528000	1023	1023	53820	15.23
529000	1023	1023	53920	15.25
530000	1018	1018	54020	15.22
531000	1025	1025	54121	15.3
532000	1022	1022	54219	15.31
533000	1022	1022	54318	15.28
534000	1022	1022	54419	15.3
535000	1021	1021	54520	15.29
536000	1024	1024	54622	15.26
537000	1024	1024	54720	15.35
538000	1024	1024	54820	15.32
539000	1019	1019	54920	15.31
540000	1018	1018	55019	15.36
541000	1021	1021	55120	15.36
542000	1024	1024	55217	15.39
543000	1023	1023	55319	15.36
544000	1021	1021	55421	15.41
545000	1024	1024	55520	15.42
546000	1022	1022	55619	15.44
547000	1022	1022	55720	15.41
548000	1022	1022	55820	15.43
549000	1021	1021	55921	15.47
550000	1024	1024	56018	15.46
551000	1023	1023	56120	15.41
552000	1021	1021	56218	15.42
553000	1022	1022	56318	15.52
554000	1022	1022	56421	15.48
555000	1019	1019	56520	15.49
556000	1020	1020	56620	15.49
557000	1024	1024	56718	15.54
558000	1020	1020	56818	15.51
559000	1022	1022	56919	15.56
560000	1018	1018	57017	15.53
561000	1024	1024	57120	15.58
562000	1024	1024	57220	15.61
563000	1022	1022	57318	15.59
564000	1024	1024	57418	15.58
565000	1022	1022	57519	15.64
566000	1021	1021	57618	15.65
567000	1021	1021	57718	15.67
568000	1022	1022	57818	15.65
569000	1021	1021	57919	15.67
570000	1020	1020	58018	15.66
571000	1019	1019	58118	15.66
572000	1022	1022	58220	15.69
573000	1023	1022	58318	15.63
574000	1024	1024	58419	15.69
575000	1023	1023	58517	15.68
576000	1021	1021	58617	15.71
577000	1019	1019	58719	15.69
578000	1022	1022	58817	15.73
579000	1021	1021	58919	15.75
580000	1023	1023	59020	15.75
581000	1023	1023	59119	15.72
582000	1020	1020	59218	15.75
583000	1020	1020	59319	15.74
584000	1024	1024	59417	15.8
585000	1021	1021	59517	15.77
586000	1020	1020	59619	15.76
587000	1022	1022	59718	15.81
588000	1023	1023	59818	15.79
589000	1022	1022	59916	15.81
590000	1019	1019	60018	15.81
591000	1021	1021	60115	15.89
592000	1021	1021	60216	15.9
593000	1023	1023	60316	15.89
594000	1024	1024	60417	15.88
595000	1022	1022	60516	15.91
596000	1023	1023	60614	15.91
597000	1024	1024	60714	15.89
598000	1024	1024	60815	15.99
599000	1024	1024	60916	15.94
600000	1019	1019	61016	16.01
601000	1018	1018	61116	15.99
602000	1022	1022	61217	15.99
603000	1024	1024	61317	16
604000	1024	1024	61415	16
605000	1022	1022	61515	15.99
606000	1022	1022	61615	15.99
607000	1026	1026	61715	15.99
608000	1020	1020	61814	16.02
609000	1019	1019	61917	16.04
610000	1025	1025	62015	16.06
611000	1023	1023	62116	16.05
612000	1023	1023	62216	16.12
613000	1026	1026	62316	16.09
614000	1025	1025	62414	16.11
615000	1022	1022	62517	16.15
616000	1026	1026	62614	16.16
617000	1022	1022	62715	16.17
618000	1024	1024	62814	16.14
619000	1018	1018	62915	16.15
620000	1022	1022	63016	16.16
621000	1019	1019	63115	16.17
622000	1020	1020	63213	16.2
623000	1022	1022	63313	16.22
624000	1026	1026	63414	16.26
625000	1023	1023	63513	16.26
626000	1023	1023	63614	16.23
627000	1021	1021	63714	16.25
628000	1024	1024	63815	16.27
629000	1023	1023	63915	16.28
630000	1023	1023	64014	16.28
631000	1022	1022	64113	16.27
632000	1025	1025	64213	16.28
633000	1021	1021	64313	16.26
634000	1022	1022	64412	16.32
635000	1021	1021	64514	16.29
636000	1024	1024	64613	16.31
637000	1023	1023	64713	16.29
638000	1021	1021	64812	16.27
639000	1024	1024	64913	16.36
640000	1022	1022	65012	16.35
641000	1025	1025	65112	16.39
642000	1021	1021	65214	16.4
643000	1022	1022	65313	16.43
644000	1026	1026	65414	16.41
645000	1023	1023	65514	16.41
646000	1022	1022	65614	16.42
647000	1023	1023	65714	16.46
648000	1021	1021	65810	16.49
649000	1024	1024	65913	16.49
650000	1022	1022	66014	16.51
651000	1022	1022	66113	16.5
652000	1017	1017	66211	16.51
653000	1025	1025	66314	16.56
654000	1020	1020	66411	16.52
655000	1022	1022	66513	16.59
656000	1022	1022	66612	16.62
657000	1019	1019	66713	16.64
658000	1019	1019	66809	16.67
659000	1022	1022	66911	16.66
660000	1026	1026	67012	16.65
661000	1023	1023	67111	16.67
662000	1022	1022	67209	16.68
663000	1022	1022	67311	16.69
664000	1021	1021	67411	16.7
665000	1024	1024	67512	16.72
666000	1026	1026	67613	16.72
667000	1018	1018	67712	16.69
668000	1023	1023	67812	16.73
669000	1022	1022	67912	16.73
670000	1020	1020	68012	16.78
671000	1024	1024	68111	16.75
672000	1022	1022	68212	16.71
673000	1024	1024	68313	16.75
674000	1026	1026	68410	16.81
675000	1022	1022	68513	16.82
676000	1020	1020	68612	16.81
677000	1019	1019	68712	16.81
678000	1027	1027	68811	16.84
679000	1024	1024	68911	16.84
680000	1021	1021	69012	16.86
681000	1020	1020	69110	16.84
682000	1018	1018	69214	16.84
683000	1024	1024	69311	16.9
684000	1022	1022	69412	16.91
685000	1022	1022	69512	16.9
686000	1023	1023	69611	16.93
687000	1023	1023	69710	16.9
688000	1018	1018	69813	16.92
689000	1021	1021	69912	16.95
690000	1022	1022	70011	16.91
691000	1022	1022	70109	16.89
692000	1021	1021	70212	16.95
693000	1020	1020	70313	16.98
694000	1023	1023	70411	16.99
695000	1026	1026	70512	17
696000	1023	1023	70612	16.98
697000	1019	1019	70711	17.01
698000	1023	1023	70810	17.02
699000	1023	1023	70909	17
700000	1026	1026	71009	17.05
701000	1024	1024	71112	17.12
702000	1022	1022	71210	17.09
703000	1024	1024	71309	17.12
704000	1023	1023	71409	17.12
705000	1023	1023	71510	17.13
706000	1018	1018	71609	17.11
707000	1021	1021	71711	17.14
708000	1024	1024	71808	17.1
709000	1023	1023	71909	17.14
710000	1025	1025	72009	17.18
711000	1019	1019	72108	17.11
712000	1018	1018	72210	17.16
713000	1022	1022	72310	17.22
714000	1022	1022	72411	17.13
715000	1022	1022	72508	17.18
716000	1020	1020	72608	17.23
717000	1020	1020	72712	17.21
718000	1023	1023	72808	17.21
719000	1020	1020	72911	17.23
720000	1021	1021	73008	17.21
721000	1022	1022	73108	17.25
722000	1023	1023	73209	17.28
723000	1022	1022	73310	17.3
724000	1022	1022	73409	17.29
725000	1024	1024	73510	17.31
726000	1022	1022	73610	17.34
727000	1018	1018	73710	17.34
728000	1023	1023	73810	17.37
729000	1022	1022	73907	17.38
730000	1021	1021	74009	17.36
731000	1024	1024	74110	17.39
732000	1022	1022	74205	17.37
733000	1020	1020	74305	17.36
734000	1022	1022	74406	17.43
735000	1020	1020	74506	17.36
736000	1021	1021	74606	17.4
737000	1021	1021	74707	17.4
738000	1024	1024	74807	17.43
739000	1025	1025	74905	17.44
740000	1022	1022	75007	17.44
741000	1021	1021	75106	17.42
742000	1024	1024	75207	17.44
743000	1024	1024	75307	17.4
744000	1023	1023	75407	17.44
745000	1020	1020	75509	17.44
746000	1024	1024	75607	17.48
747000	1022	1022	75708	17.45
748000	1023	1023	75810	17.43
749000	1023	1023	75906	17.48
750000	1025	1025	76007	17.48
751000	1021	1021	76108	17.46
752000	1021	1021	76206	17.49
753000	1020	1020	76308	17.5
754000	1020	1020	76407	17.5
755000	1021	1021	76507	17.53
756000	1025	1025	76605	17.52
757000	1026	1026	76708	17.53
758000	1020	1020	76809	17.55
759000	1023	1023	76907	17.56
760000	1017	1017	77006	17.53
761000	1023	1023	77104	17.56
762000	1027	1027	77204	17.55
763000	1019	1019	77306	17.58
764000	1023	1023	77407	17.61
765000	1023	1023	77506	17.58
766000	1023	1023	77607	17.62
767000	1021	1021	77706	17.7
768000	1024	1024	77805	17.7
769000	1022	1022	77906	17.68
770000	1026	1026	78006	17.69
771000	1020	1020	78107	17.71
772000	1023	1023	78205	17.76
773000	1024	1024	78304	17.77
774000	1020	1020	78407	17.73
775000	1018	1018	78505	17.74
776000	1020	1020	78604	17.83
777000	1022	1022	78703	17.77
778000	1024	1024	78802	17.81
779000	1024	1024	78907	17.86
780000	1026	1026	79005	17.81
781000	1023	1023	79102	17.82
782000	1023	1023	79204	17.82
783000	1023	1023	79302	17.84
784000	1017	1017	79403	17.82
785000	1019	1019	79503	17.85
786000	1021	1021	79604	17.89
787000	1019	1019	79700	17.86
788000	1027	1027	79804	17.9
789000	1025	1025	79902	17.88
790000	1024	1024	80000	17.89
791000	1020	1020	80100	17.92
792000	1021	1021	80200	17.93
793000	1023	1023	80298	17.99
794000	1024	1024	80400	17.94
795000	1021	1021	80499	17.98
796000	1019	1019	80599	17.96
797000	1021	1021	80701	17.96
798000	1021	1021	80800	18.03
799000	1023	1023	80899	17.98
800000	1021	1021	81000	17.99
801000	1024	1024	81099	18.01
802000	1018	1018	81198	18.02
803000	1021	1021	81298	18.02
804000	1021	1021	81398	18.04
805000	1020	1020	81499	18.07
806000	1019	1019	81597	18.07
807000	1021	1021	81698	18.06
808000	1022	1022	81798	18.1
809000	1021	1021	81895	18.09
810000	1023	1023	81998	18.13
811000	1018	1018	82095	18.14
812000	1023	1023	82195	18.14
813000	1025	1025	82295	18.16
814000	1021	1021	82394	18.13
815000	1020	1020	82493	18.17
816000	1021	1021	82596	18.19
817000	1022	1022	82695	18.15
818000	1020	1020	82794	18.23
819000	1023	1023	82895	18.18
820000	1025	1025	82995	18.18
821000	1024	1024	83096	18.18
822000	1021	1021	83195	18.18
823000	1025	1025	83295	18.19
824000	1024	1024	83396	18.25
825000	1020	1020	83496	18.27
826000	1024	1024	83595	18.24
827000	1021	1021	83697	18.28
828000	1026	1026	83796	18.28
829000	1019	1019	83895	18.3
830000	1023	1023	83996	18.3
831000	1026	1026	84093	18.28
832000	1022	1022	84194	18.3
833000	1021	1020	84292	18.29
834000	1024	1024	84393	18.3
835000	1023	1023	84493	18.37
836000	1023	1023	84594	18.34
837000	1021	1021	84693	18.37
838000	1024	1024	84794	18.4
839000	1025	1025	84893	18.37
840000	1021	1021	84992	18.39
841000	1020	1019	85091	18.37
842000	1020	1020	85193	18.43
843000	1024	1024	85293	18.43
844000	1022	1022	85393	18.42
845000	1019	1019	85493	18.4
846000	1021	1021	85593	18.38
847000	1022	1022	85693	18.44
848000	1021	1021	85792	18.47
849000	1024	1024	85892	18.47
850000	1023	1023	85991	18.49
851000	1022	1022	86094	18.5
852000	1023	1023	86191	18.52
853000	1019	1019	86292	18.5
854000	1022	1022	86394	18.58
855000	1026	1026	86492	18.5
856000	1023	1023	86592	18.53
857000	1020	1020	86693	18.57
858000	1020	1020	86794	18.53
859000	1023	1023	86893	18.58
860000	1019	1019	86991	18.59
861000	1019	1019	87094	18.56
862000	1023	1023	87193	18.65
863000	1018	1018	87295	18.63
864000	1022	1022	87394	18.62
865000	1027	1027	87493	18.67
866000	1022	1022	87592	18.68
867000	1021	1021	87692	18.7
868000	1021	1021	87793	18.67
869000	1025	1025	87891	18.7
870000	1018	1018	87992	18.67
871000	1026	1026	88092	18.69
872000	1022	1022	88193	18.77
873000	1020	1020	88292	18.72
874000	1022	1022	88395	18.76
875000	1023	1022	88494	18.79
876000	1025	1025	88592	18.81
877000	1025	1025	88693	18.78
878000	1023	1023	88793	18.83
879000	1021	1021	88893	18.88
880000	1016	1016	88993	18.91
881000	1021	1021	89094	18.87
882000	1022	1022	89192	18.89
883000	1024	1024	89293	18.93
884000	1024	1024	89393	18.93
885000	1022	1022	89492	18.92
886000	1021	1021	89593	18.93
887000	1023	1023	89692	18.97
888000	1025	1025	89794	18.96
889000	1023	1023	89892	19.01
890000	1023	1022	89993	19.08
891000	1023	1023	90092	19.05
892000	1024	1024	90193	19.02
893000	1020	1020	90292	19.05
894000	1023	1023	90392	19.1
895000	1018	1018	90492	19.04
896000	1021	1021	90589	19.07
897000	1022	1022	90688	19.09
898000	1020	1020	90790	19.12
899000	1025	1025	90890	19.11
900000	1022	1022	90990	19.15
901000	1020	1020	91090	19.13
902000	1025	1025	91190	19.15
903000	1021	1021	91289	19.14
904000	1024	1024	91391	19.19
905000	1022	1022	91491	19.19
906000	1024	1024	91590	19.22
907000	1026	1026	91689	19.21
908000	1020	1020	91790	19.21
909000	1020	1020	91889	19.2
910000	1022	1022	91990	19.26
911000	1024	1024	92090	19.27
912000	1021	1021	92189	19.2
913000	1026	1026	92289	19.23
914000	1023	1023	92390	19.26
915000	1020	1020	92488	19.29
916000	1023	1023	92589	19.3
917000	1020	1020	92688	19.31
918000	1019	1019	92790	19.34
919000	1018	1018	92889	19.34
920000	1025	1025	92990	19.36
921000	1020	1020	93086	19.36
922000	1021	1021	93189	19.35
923000	1021	1021	93288	19.38
924000	1024	1024	93389	19.45
925000	1020	1020	93490	19.41
926000	1021	1021	93588	19.47
927000	1022	1022	93689	19.43
928000	1022	1022	93789	19.46
929000	1022	1022	93891	19.41
930000	1023	1023	93988	19.48
931000	1020	1020	94090	19.48
932000	1021	1021	94188	19.53
933000	1020	1020	94287	19.56
934000	1022	1022	94385	19.54
935000	1027	1027	94487	19.59
936000	1021	1021	94586	19.54
937000	1021	1021	94687	19.53
938000	1022	1022	94786	19.61
939000	1021	1021	94886	19.63
940000	1023	1023	94988	19.62
941000	1021	1021	95085	19.6
942000	1019	1019	95185	19.62
943000	1024	1024	95286	19.62
944000	1024	1024	95387	19.61
945000	1022	1022	95487	19.61
946000	1022	1022	95586	19.64
947000	1022	1022	95687	19.63
948000	1025	1025	95787	19.68
949000	1023	1023	95886	19.7
950000	1023	1023	95986	19.71
951000	1019	1019	96086	19.7
952000	1022	1021	96185	19.76
953000	1026	1026	96287	19.76
954000	1021	1021	96386	19.75
955000	1021	1021	96487	19.8
956000	1022	1022	96586	19.76
957000	1020	1020	96685	19.78
958000	1022	1022	96786	19.79
959000	1024	1023	96886	19.78
960000	1022	1022	96982	19.82
961000	1022	1022	97085	19.83
962000	1022	1022	97184	19.82
963000	1026	1026	97285	19.87
964000	1023	1023	97385	19.85
965000	1022	1022	97486	19.83
966000	1019	1019	97585	19.87
967000	1027	1027	97686	19.91
968000	1021	1021	97783	19.89
969000	1023	1022	97883	19.9
970000	1020	1020	97984	19.9
971000	1022	1022	98083	19.96
972000	1022	1022	98182	19.92
973000	1020	1019	98283	19.95
974000	1021	1021	98384	19.95
975000	1021	1021	98485	19.98
976000	1015	1015	98583	19.97
977000	1020	1020	98686	20.03
978000	1021	1021	98785	20.04
979000	1020	1020	98884	20.06
980000	1025	1025	98985	20.05
981000	1024	1024	99084	20.1
982000	1024	1024	99183	20.06
983000	1022	1022	99283	20.15
984000	1026	1025	99385	20.18
985000	1024	1024	99481	20.16
986000	1021	1021	99584	20.14
987000	1024	1024	99682	20.17
988000	1024	1024	99781	20.17
989000	1025	1025	99882	20.28
990000	1020	1020	99984	20.19
991000	1026	1026	100083	20.3
992000	1021	1021	100181	20.24
993000	1024	1024	100282	20.22
994000	1021	1021	100382	20.27
995000	1021	1021	100482	20.26
996000	1025	1025	100582	20.25
997000	1021	1021	100682	20.26
998000	1024	1024	100779	20.29
999000	1023	1023	100882	20.3
1000000	1023	1022	100982	20.28
